1.00000000e+00 0.00000000e+00 0.00000000e+00 0.00000000e+00 0.00000000e+00 1.00000000e+00 0.00000000e+00 0.00000000e+00 0.00000000e+00 0.00000000e+00 1.00000000e+00 0.00000000e+00
9.99999731e-01 -7.51708399e-04 -2.48276989e-04 9.75418820e-04 7.51666272e-04 9.99999704e-01 -1.69875659e-04 6.85796361e-04 2.48404587e-04 1.69688996e-04 9.99999969e-01 4.85568321e-05
9.99998825e-01 -1.50923669e-03 -4.92531073e-04 1.95290796e-03 1.50907348e-03 9.99998805e-01 -3.31799188e-04 1.37463964e-03 4.93031195e-04 3.31055521e-04 9.99999855e-01 9.84167960e-05
9.99997241e-01 -2.26248607e-03 -7.34616478e-04 2.92571430e-03 2.26212022e-03 9.99997317e-01 -4.98472700e-04 2.06458705e-03 7.35742238e-04 4.96809526e-04 9.99999594e-01 1.48530477e-04
9.99995090e-01 -3.01309043e-03 -9.85570560e-04 3.89563853e-03 3.01243813e-03 9.99995246e-01 -6.62787387e-04 2.75087591e-03 9.87562852e-04 6.59815114e-04 9.99999297e-01 1.97307759e-04
9.99992291e-01 -3.76753774e-03 -1.23880132e-03 4.87441871e-03 3.76650602e-03 9.99992560e-01 -8.34289484e-04 3.44468434e-03 1.24193524e-03 8.29616994e-04 9.99998900e-01 2.57224286e-04
9.99988848e-01 -4.52310770e-03 -1.49490396e-03 5.84538568e-03 4.52160633e-03 9.99989271e-01 -1.00636852e-03 4.14036100e-03 1.49943974e-03 9.99597753e-04 9.99998404e-01 3.08673230e-04
9.99984804e-01 -5.27181359e-03 -1.75413412e-03 6.81709142e-03 5.26974646e-03 9.99985420e-01 -1.18118003e-03 4.83764195e-03 1.76033541e-03 1.17191798e-03 9.99997802e-01 3.55491949e-04
9.99980068e-01 -6.02954151e-03 -2.01477690e-03 7.78628529e-03 6.02681769e-03 9.99980919e-01 -1.35548981e-03 5.52766512e-03 2.02291134e-03 1.34331976e-03 9.99997100e-01 4.11263416e-04
9.99974721e-01 -6.78553428e-03 -2.26789425e-03 8.75591846e-03 6.78208661e-03 9.99975837e-01 -1.52470322e-03 6.22072483e-03 2.27818525e-03 1.50928316e-03 9.99996328e-01 4.62479122e-04
9.99968707e-01 -7.54389053e-03 -2.52550177e-03 9.71540750e-03 7.53960474e-03 9.99970120e-01 -1.70249383e-03 6.91614842e-03 2.53826962e-03 1.68339868e-03 9.99995434e-01 5.14040614e-04
9.99962018e-01 -8.30611141e-03 -2.78278392e-03 1.06779500e-02 8.30091840e-03 9.99963780e-01 -1.87275172e-03 7.60877696e-03 2.79823830e-03 1.84958021e-03 9.99994459e-01 5.61176342e-04
9.99954689e-01 -9.06761487e-03 -3.03968451e-03 1.16374837e-02 9.06143924e-03 9.99956846e-01 -2.03956768e-03 8.30314713e-03 3.05804723e-03 2.01193050e-03 9.99993397e-01 6.17049646e-04
9.99946768e-01 -9.82635233e-03 -3.28966569e-03 1.25998307e-02 9.81909291e-03 9.99949313e-01 -2.21592258e-03 8.99528575e-03 3.31127328e-03 2.18350207e-03 9.99992244e-01 6.67569337e-04
9.99938289e-01 -1.05790973e-02 -3.53651025e-03 1.35605649e-02 1.05706709e-02 9.99941242e-01 -2.39321084e-03 9.69236235e-03 3.56162037e-03 2.35567867e-03 9.99991006e-01 7.23175217e-04
9.99929189e-01 -1.13299019e-02 -3.78737714e-03 1.45237980e-02 1.13202353e-02 9.99932615e-01 -2.56436907e-03 1.03819101e-02 3.81617587e-03 2.52131209e-03 9.99989677e-01 7.82968506e-04
9.99919462e-01 -1.20795573e-02 -4.04178412e-03 1.54974768e-02 1.20685268e-02 9.99923392e-01 -2.74274630e-03 1.10732302e-02 4.07460555e-03 2.69374543e-03 9.99988219e-01 8.37843330e-04
9.99909131e-01 -1.28276571e-02 -4.29588097e-03 1.64711939e-02 1.28151999e-02 9.99913618e-01 -2.91517719e-03 1.17656653e-02 4.33290468e-03 2.85985790e-03 9.99986684e-01 8.93972246e-04
9.99898013e-01 -1.35861077e-02 -4.55280264e-03 1.74421868e-02 1.35721091e-02 9.99903096e-01 -3.09193909e-03 1.24646618e-02 4.59436878e-03 3.02983058e-03 9.99985027e-01 9.45140195e-04
9.99886137e-01 -1.43516188e-02 -4.81182767e-03 1.84097468e-02 1.43359873e-02 9.99891867e-01 -3.26775965e-03 1.31662788e-02 4.85820490e-03 3.19840301e-03 9.99983266e-01 1.00160845e-03
9.99873771e-01 -1.51087201e-02 -5.06514027e-03 1.93795495e-02 1.50913492e-02 9.99880133e-01 -3.45066899e-03 1.38621200e-02 5.11666826e-03 3.37379109e-03 9.99981411e-01 1.05649693e-03
9.99860638e-01 -1.58739291e-02 -5.31754919e-03 2.03476245e-02 1.58547618e-02 9.99867683e-01 -3.62781035e-03 1.45561348e-02 5.37443313e-03 3.54299350e-03 9.99979486e-01 1.11557518e-03
9.99846994e-01 -1.66335015e-02 -5.56292525e-03 2.13208465e-02 1.66125187e-02 9.99854747e-01 -3.79736758e-03 1.52468224e-02 5.62528068e-03 3.70436926e-03 9.99977537e-01 1.16807082e-03
9.99832748e-01 -1.73899771e-02 -5.81179056e-03 2.22886881e-02 1.73670890e-02 9.99841269e-01 -3.96606047e-03 1.59364165e-02 5.87983768e-03 3.86445986e-03 9.99975481e-01 1.21417613e-03
9.99817742e-01 -1.81499683e-02 -6.06992363e-03 2.32665503e-02 1.81250150e-02 9.99827102e-01 -4.14132915e-03 1.66286563e-02 6.14403907e-03 4.03055322e-03 9.99973248e-01 1.26536105e-03
9.99802115e-01 -1.89105006e-02 -6.32285358e-03 2.42453950e-02 1.88834149e-02 9.99812319e-01 -4.31668446e-03 1.73232490e-02 6.40329752e-03 4.19642918e-03 9.99970951e-01 1.31771462e-03
9.99785894e-01 -1.96703017e-02 -6.57084691e-03 2.52138396e-02 1.96410922e-02 9.99796996e-01 -4.48096763e-03 1.80164410e-02 6.65765493e-03 4.35094528e-03 9.99968645e-01 1.36795977e-03
9.99768958e-01 -2.04315076e-02 -6.82534099e-03 2.61852942e-02 2.03999567e-02 9.99780971e-01 -4.66099029e-03 1.87111346e-02 6.91907707e-03 4.52067208e-03 9.99966128e-01 1.41175249e-03
9.99751403e-01 -2.11898827e-02 -7.08490729e-03 2.71497142e-02 2.11559401e-02 9.99764444e-01 -4.83224473e-03 1.94088414e-02 7.18563306e-03 4.68115056e-03 9.99963521e-01 1.45664387e-03
9.99733207e-01 -2.19476689e-02 -7.34580661e-03 2.81128247e-02 2.19112882e-02 9.99747362e-01 -4.99725257e-03 2.01039787e-02 7.45362879e-03 4.83495791e-03 9.99960840e-01 1.49211211e-03
9.99714331e-01 -2.27075173e-02 -7.60538526e-03 2.90668230e-02 2.26686313e-02 9.99729642e-01 -5.16100057e-03 2.08020004e-02 7.72052255e-03 4.98711686e-03 9.99958080e-01 1.53670634e-03
9.99694824e-01 -2.34691186e-02 -7.85798801e-03 3.00264582e-02 2.34275803e-02 9.99711213e-01 -5.33738715e-03 2.15060704e-02 7.98098249e-03 5.15165858e-03 9.99955213e-01 1.56929244e-03
9.99674787e-01 -2.42249790e-02 -8.11402289e-03 3.09895649e-02 2.41807702e-02 9.99692380e-01 -5.50323887e-03 2.22069144e-02 8.24484268e-03 5.30523936e-03 9.99952282e-01 1.61065765e-03
9.99654159e-01 -2.49804394e-02 -8.36577633e-03 3.19661444e-02 2.49333920e-02 9.99672891e-01 -5.68194884e-03 2.29145020e-02 8.50497742e-03 5.47138972e-03 9.99949220e-01 1.65082718e-03
9.99632869e-01 -2.57367673e-02 -8.61806953e-03 3.29299839e-02 2.56868059e-02 9.99652792e-01 -5.85894479e-03 2.36120944e-02 8.76586761e-03 5.63541580e-03 9.99946068e-01 1.69244921e-03
9.99611014e-01 -2.64917735e-02 -8.86654865e-03 3.38864615e-02 2.64388832e-02 9.99632164e-01 -6.03045622e-03 2.43169720e-02 9.02304475e-03 5.79368106e-03 9.99942890e-01 1.72645247e-03
9.99588649e-01 -2.72451926e-02 -9.10660287e-03 3.48464208e-02 2.71892614e-02 9.99610933e-01 -6.21055102e-03 2.50189698e-02 9.27226755e-03 5.96038626e-03 9.99939645e-01 1.75702817e-03
9.99565497e-01 -2.80003280e-02 -9.35834680e-03 3.58124826e-02 2.79412115e-02 9.99589069e-01 -6.38946760e-03 2.57198725e-02 9.53340849e-03 6.12519910e-03 9.99936206e-01 1.79461633e-03
9.99541605e-01 -2.87612069e-02 -9.60355343e-03 3.67788264e-02 2.86987877e-02 9.99566391e-01 -6.57569425e-03 2.64249759e-02 9.78851435e-03 6.29706043e-03 9.99932685e-01 1.83198652e-03
9.99517242e-01 -2.95177417e-02 -9.84498600e-03 3.77455318e-02 2.94519989e-02 9.99543266e-01 -6.75760674e-03 2.71340498e-02 1.00399590e-02 6.46438020e-03 9.99929139e-01 1.86513826e-03
9.99492130e-01 -3.02753198e-02 -1.00947492e-02 3.87046718e-02 3.02060255e-02 9.99519453e-01 -6.94799221e-03 2.78457144e-02 1.03002512e-02 6.63953102e-03 9.99925354e-01 1.90210021e-03
9.99466111e-01 -3.10392141e-02 -1.03509476e-02 3.96617615e-02 3.09662205e-02 9.99494831e-01 -7.13950662e-03 2.85558299e-02 1.05673237e-02 6.81515441e-03 9.99921394e-01 1.94489733e-03
9.99439552e-01 -3.17999715e-02 -1.06063850e-02 4.06139867e-02 3.17231574e-02 9.99469678e-01 -7.33391541e-03 2.92614428e-02 1.08339791e-02 6.99332579e-03 9.99917318e-01 1.99352727e-03
9.99412208e-01 -3.25639977e-02 -1.08647100e-02 4.15620851e-02 3.24833673e-02 9.99443888e-01 -7.51742353e-03 2.99714408e-02 1.11034659e-02 7.16007064e-03 9.99913191e-01 2.04365321e-03
9.99384007e-01 -3.33319748e-02 -1.11291202e-02 4.25108600e-02 3.32473391e-02 9.99417321e-01 -7.70559290e-03 3.06763655e-02 1.13794788e-02 7.33082033e-03 9.99908858e-01 2.09438399e-03
9.99355256e-01 -3.40992843e-02 -1.13860196e-02 4.34628508e-02 3.40105226e-02 9.99390104e-01 -7.90075564e-03 3.13863710e-02 1.16484862e-02 7.50840428e-03 9.99904450e-01 2.13609152e-03
9.99326075e-01 -3.48580304e-02 -1.16495744e-02 4.44220046e-02 3.47651050e-02 9.99362649e-01 -8.08663140e-03 3.20939938e-02 1.19240344e-02 7.67616950e-03 9.99899936e-01 2.17690356e-03
9.99296472e-01 -3.56138232e-02 -1.19035279e-02 4.53682516e-02 3.55167850e-02 9.99334742e-01 -8.26678237e-03 3.28023957e-02 1.21900215e-02 7.83817740e-03 9.99895483e-01 2.21851531e-03
9.99265859e-01 -3.63802353e-02 -1.21557337e-02 4.63240748e-02 3.62789437e-02 9.99305801e-01 -8.45233857e-03 3.35110871e-02 1.24547942e-02 8.00512158e-03 9.99890908e-01 2.26368215e-03
9.99234826e-01 -3.71420361e-02 -1.24034364e-02 4.72787785e-02 3.70364725e-02 9.99276443e-01 -8.63516468e-03 3.42153932e-02 1.27151904e-02 8.16916251e-03 9.99886316e-01 2.30068160e-03
9.99202876e-01 -3.79096897e-02 -1.26547908e-02 4.82285800e-02 3.77996865e-02 9.99246222e-01 -8.82188719e-03 3.49233462e-02 1.29796880e-02 8.33649207e-03 9.99881547e-01 2.35007044e-03
9.99170161e-01 -3.86770536e-02 -1.29153682e-02 4.91807211e-02 3.85624816e-02 9.99215426e-01 -9.00562980e-03 3.56348959e-02 1.32535476e-02 8.50009148e-03 9.99876585e-01 2.39334889e-03
9.99136753e-01 -3.94476234e-02 -1.31690106e-02 5.01312008e-02 3.93284179e-02 9.99183863e-01 -9.19185973e-03 3.63414711e-02 1.35208612e-02 8.66599143e-03 9.99871592e-01 2.44935848e-03
9.99102695e-01 -4.02198825e-02 -1.34168097e-02 5.10798791e-02 4.00961086e-02 9.99151678e-01 -9.37055035e-03 3.70495848e-02 1.37823117e-02 8.82416249e-03 9.99866652e-01 2.49819848e-03
9.99068342e-01 -4.09852000e-02 -1.36592564e-02 5.20294186e-02 4.08566116e-02 9.99119024e-01 -9.56418064e-03 3.77562570e-02 1.40392143e-02 8.99718070e-03 9.99861548e-01 2.54128499e-03
9.99033216e-01 -4.17520273e-02 -1.39061423e-02 5.29672945e-02 4.16186243e-02 9.99085780e-01 -9.74863517e-03 3.84719184e-02 1.43004560e-02 9.16043667e-03 9.99856375e-01 2.59399884e-03
9.98997410e-01 -4.25193546e-02 -1.41535262e-02 5.39069812e-02 4.23810964e-02 9.99051934e-01 -9.92959150e-03 3.91874645e-02 1.45623093e-02 9.31977438e-03 9.99851136e-01 2.64061688e-03
9.98960868e-01 -4.32869248e-02 -1.44058915e-02 5.48474453e-02 4.31437097e-02 9.99017488e-01 -1.01084612e-02 3.98998739e-02 1.48293035e-02 9.47641306e-03 9.99845751e-01 2.68827726e-03
9.98923602e-01 -4.40591859e-02 -1.46488503e-02 5.57933448e-02 4.39107741e-02 9.98982058e-01 -1.03035944e-02 4.06215040e-02 1.50879086e-02 9.64924003e-03 9.99840240e-01 2.73197314e-03
9.98885438e-01 -4.48326753e-02 -1.49039064e-02 5.67331663e-02 4.46789959e-02 9.98946043e-01 -1.04896680e-02 4.13496963e-02 1.53584803e-02 9.81206305e-03 9.99834545e-01 2.78561858e-03
9.98847249e-01 -4.55945927e-02 -1.51522535e-02 5.76749739e-02 4.54354442e-02 9.98909822e-01 -1.06871150e-02 4.20695610e-02 1.56230118e-02 9.98632333e-03 9.99828731e-01 2.83440485e-03
9.98808459e-01 -4.63562950e-02 -1.53984738e-02 5.86196771e-02 4.61916649e-02 9.98873040e-01 -1.08807920e-02 4.27878202e-02 1.58855160e-02 1.01565225e-02 9.99822891e-01 2.89028358e-03
9.98769034e-01 -4.71160265e-02 -1.56501480e-02 5.95631905e-02 4.69458715e-02 9.98835816e-01 -1.10679961e-02 4.35104455e-02 1.61534110e-02 1.03196377e-02 9.99816939e-01 2.94427578e-03
9.98728690e-01 -4.78804098e-02 -1.59048587e-02 6.04986316e-02 4.77044958e-02 9.98797693e-01 -1.12620890e-02 4.42284122e-02 1.64249724e-02 1.04890132e-02 9.99810760e-01 2.99345711e-03
9.98688047e-01 -4.86374028e-02 -1.61603163e-02 6.14239044e-02 4.84558831e-02 9.98759489e-01 -1.14408501e-02 4.49508570e-02 1.66967254e-02 1.06427522e-02 9.99804645e-01 3.04086916e-03
9.98646294e-01 -4.94027755e-02 -1.64187527e-02 6.23600853e-02 4.92154249e-02 9.98720204e-01 -1.16259476e-02 4.56695322e-02 1.69720972e-02 1.08021272e-02 9.99798308e-01 3.09505838e-03
9.98604191e-01 -5.01657326e-02 -1.66664062e-02 6.32856993e-02 4.99726016e-02 9.98680441e-01 -1.18097479e-02 4.63919092e-02 1.72368617e-02 1.09603728e-02 9.99792068e-01 3.15785447e-03
9.98561468e-01 -5.09266885e-02 -1.69185482e-02 6.42195506e-02 5.07277010e-02 9.98640217e-01 -1.19901032e-02 4.71074352e-02 1.75061621e-02 1.11145880e-02 9.99785698e-01 3.22841758e-03
9.98518040e-01 -5.16869125e-02 -1.71762858e-02 6.51546250e-02 5.14817941e-02 9.98599353e-01 -1.21775309e-02 4.78198167e-02 1.77816503e-02 1.12751896e-02 9.99779047e-01 3.29618188e-03
9.98473800e-01 -5.24539756e-02 -1.74227759e-02 6.60824680e-02 5.22428128e-02 9.98557550e-01 -1.23622879e-02 4.85251724e-02 1.80460991e-02 1.14331761e-02 9.99772526e-01 3.36859741e-03
9.98428761e-01 -5.32256145e-02 -1.76636871e-02 6.70188246e-02 5.30082988e-02 9.98514828e-01 -1.25518376e-02 4.92551118e-02 1.83055366e-02 1.15957631e-02 9.99765950e-01 3.43971364e-03
9.98383472e-01 -5.39906097e-02 -1.79022266e-02 6.79538677e-02 5.37671282e-02 9.98471878e-01 -1.27388906e-02 4.99902309e-02 1.85626542e-02 1.17557151e-02 9.99759355e-01 3.51245912e-03
9.98337852e-01 -5.47477227e-02 -1.81475019e-02 6.88960798e-02 5.45180327e-02 9.98428838e-01 -1.29194221e-02 5.07277127e-02 1.88263023e-02 1.19085497e-02 9.99752629e-01 3.57253466e-03
9.98292140e-01 -5.54958414e-02 -1.83907985e-02 6.98279866e-02 5.52598382e-02 9.98385678e-01 -1.31022886e-02 5.14556535e-02 1.90882366e-02 1.20636061e-02 9.99745817e-01 3.63151631e-03
9.98245414e-01 -5.62491371e-02 -1.86391335e-02 7.07562095e-02 5.60065886e-02 9.98341590e-01 -1.32896646e-02 5.21836999e-02 1.93557588e-02 1.22223984e-02 9.99738756e-01 3.69810313e-03
9.98198155e-01 -5.70017458e-02 -1.88843826e-02 7.16868464e-02 5.67525359e-02 9.98296906e-01 -1.34804369e-02 5.29092080e-02 1.96206338e-02 1.23843757e-02 9.99731610e-01 3.76696850e-03
9.98150353e-01 -5.77529311e-02 -1.91294551e-02 7.26192189e-02 5.74969459e-02 9.98251697e-01 -1.36726040e-02 5.36423898e-02 1.98856488e-02 1.25473933e-02 9.99724352e-01 3.84303722e-03
9.98101969e-01 -5.85011190e-02 -1.93812297e-02 7.35509107e-02 5.82381124e-02 9.98206035e-01 -1.38683186e-02 5.43790939e-02 2.01577776e-02 1.27132330e-02 9.99716816e-01 3.91383287e-03
9.98052315e-01 -5.92620493e-02 -1.96268344e-02 7.44802296e-02 5.89919898e-02 9.98159008e-01 -1.40649823e-02 5.51220369e-02 2.04242265e-02 1.28797243e-02 9.99709287e-01 3.97858563e-03
9.98002129e-01 -6.00207210e-02 -1.98737470e-02 7.54147316e-02 5.97435257e-02 9.98111530e-01 -1.42604038e-02 5.58547931e-02 2.06921412e-02 1.30445469e-02 9.99701650e-01 4.05078454e-03
9.97951011e-01 -6.07821986e-02 -2.01264677e-02 7.63467634e-02 6.04977603e-02 9.98063323e-01 -1.44529482e-02 5.65906269e-02 2.09659768e-02 1.32056884e-02 9.99693838e-01 4.12276543e-03
9.97899536e-01 -6.15363751e-02 -2.03871848e-02 7.72794720e-02 6.12445574e-02 9.98015012e-01 -1.46425413e-02 5.73169584e-02 2.12477711e-02 1.33631405e-02 9.99685804e-01 4.18997161e-03
9.97847544e-01 -6.22899030e-02 -2.06439309e-02 7.82119431e-02 6.19906290e-02 9.97966122e-01 -1.48339120e-02 5.80547046e-02 2.15259525e-02 1.35222109e-02 9.99677722e-01 4.26170730e-03
9.97795134e-01 -6.30402758e-02 -2.08997978e-02 7.91380835e-02 6.27334974e-02 9.97916862e-01 -1.50238202e-02 5.87833384e-02 2.18033725e-02 1.36795348e-02 9.99669578e-01 4.32477092e-03
9.97741442e-01 -6.38014885e-02 -2.11532878e-02 8.00746818e-02 6.34871773e-02 9.97866334e-01 -1.52124698e-02 5.95168831e-02 2.20787382e-02 1.38351056e-02 9.99661403e-01 4.38873724e-03
9.97687629e-01 -6.45552311e-02 -2.14049945e-02 8.10069144e-02 6.42333000e-02 9.97815674e-01 -1.54021014e-02 6.02582788e-02 2.23525316e-02 1.39915282e-02 9.99653151e-01 4.45149887e-03
9.97632578e-01 -6.53171306e-02 -2.16594997e-02 8.19343267e-02 6.49873140e-02 9.97763802e-01 -1.55978398e-02 6.09976939e-02 2.26298775e-02 1.41532750e-02 9.99644642e-01 4.51676573e-03
9.97577582e-01 -6.60710605e-02 -2.19063526e-02 8.28671568e-02 6.57332004e-02 9.97711740e-01 -1.58011561e-02 6.17321296e-02 2.29002311e-02 1.43228579e-02 9.99636078e-01 4.58564207e-03
9.97521398e-01 -6.68314174e-02 -2.21584486e-02 8.37975638e-02 6.64856791e-02 9.97658865e-01 -1.59900107e-02 6.24699273e-02 2.31752148e-02 1.44771108e-02 9.99627529e-01 4.65767517e-03
9.97464712e-01 -6.75907345e-02 -2.24073445e-02 8.47217643e-02 6.72371283e-02 9.97605491e-01 -1.61766522e-02 6.32126408e-02 2.34470888e-02 1.46289857e-02 9.99618989e-01 4.72761256e-03
9.97407501e-01 -6.83458820e-02 -2.26636425e-02 8.56477947e-02 6.79841278e-02 9.97551761e-01 -1.63668290e-02 6.39605508e-02 2.37267691e-02 1.47835804e-02 9.99610124e-01 4.79396015e-03
9.97349482e-01 -6.91047500e-02 -2.29159367e-02 8.65737989e-02 6.87347513e-02 9.97497133e-01 -1.65597821e-02 6.47038220e-02 2.40029483e-02 1.49407182e-02 9.99601203e-01 4.85960653e-03
9.97290154e-01 -6.98732807e-02 -2.31673444e-02 8.74965577e-02 6.94949921e-02 9.97441244e-01 -1.67514958e-02 6.54496093e-02 2.42785544e-02 1.50960356e-02 9.99592223e-01 4.92281281e-03
9.97231121e-01 -7.06320802e-02 -2.34079131e-02 8.84238403e-02 7.02455452e-02 9.97385403e-01 -1.69444825e-02 6.61827208e-02 2.45435428e-02 1.52532107e-02 9.99583378e-01 4.99798909e-03
9.97171196e-01 -7.13954749e-02 -2.36451732e-02 8.93453833e-02 7.10007233e-02 9.97328669e-01 -1.71348724e-02 6.69149458e-02 2.48053695e-02 1.54075227e-02 9.99574561e-01 5.06681269e-03
9.97110638e-01 -7.21598013e-02 -2.38791456e-02 9.02768537e-02 7.17564695e-02 9.97271051e-01 -1.73384628e-02 6.76632508e-02 2.50651290e-02 1.55748271e-02 9.99565500e-01 5.12851039e-03
9.97049198e-01 -7.29260170e-02 -2.41171355e-02 9.12089606e-02 7.25139811e-02 9.97212706e-01 -1.75409047e-02 6.84130053e-02 2.53291108e-02 1.57402588e-02 9.99556265e-01 5.20323028e-03
9.96987442e-01 -7.36887373e-02 -2.43521355e-02 9.21343690e-02 7.32680005e-02 9.97154032e-01 -1.77415295e-02 6.91557448e-02 2.55901900e-02 1.59037919e-02 9.99547038e-01 5.27584992e-03
9.96925122e-01 -7.44521335e-02 -2.45819809e-02 9.30639308e-02 7.40227123e-02 9.97094708e-01 -1.79412994e-02 6.98961091e-02 2.58463403e-02 1.60664479e-02 9.99537859e-01 5.35663901e-03
9.96862054e-01 -7.52146680e-02 -2.48186267e-02 9.39957355e-02 7.47765891e-02 9.97034990e-01 -1.81325022e-02 7.06387761e-02 2.61088788e-02 1.62196906e-02 9.99528574e-01 5.43407713e-03
9.96798054e-01 -7.59797528e-02 -2.50589579e-02 9.49183863e-02 7.55327142e-02 9.96974378e-01 -1.83296991e-02 7.13909964e-02 2.63758346e-02 1.63781755e-02 9.99518992e-01 5.49910397e-03
9.96733557e-01 -7.67440693e-02 -2.52956191e-02 9.58471044e-02 7.62879091e-02 9.96913128e-01 -1.85319387e-02 7.21448620e-02 2.66397612e-02 1.65415922e-02 9.99509313e-01 5.57359689e-03
9.96668528e-01 -7.75057683e-02 -2.55358174e-02 9.67670830e-02 7.70404104e-02 9.96851522e-01 -1.87314561e-02 7.28940249e-02 2.69072246e-02 1.67016986e-02 9.99499497e-01 5.64893651e-03
9.96602804e-01 -7.82686280e-02 -2.57744327e-02 9.76872941e-02 7.77940365e-02 9.96789234e-01 -1.89300015e-02 7.36457264e-02 2.71733128e-02 1.68605297e-02 9.99489643e-01 5.72421310e-03
9.96537093e-01 -7.90257331e-02 -2.60055493e-02 9.86135200e-02 7.85420051e-02 9.96726825e-01 -1.91264166e-02 7.43927538e-02 2.74319185e-02 1.70175886e-02 9.99479930e-01 5.79584654e-03
9.96470079e-01 -7.97870298e-02 -2.62490959e-02 9.95336510e-02 7.92938486e-02 9.96663487e-01 -1.93235119e-02 7.51448684e-02 2.77032921e-02 1.71738413e-02 9.99469783e-01 5.87204125e-03
9.96402581e-01 -8.05467663e-02 -2.64913765e-02 1.00452918e-01 8.00438025e-02 9.96599506e-01 -1.95299792e-02 7.58909593e-02 2.79743808e-02 1.73391815e-02 9.99459386e-01 5.94182021e-03
9.96334095e-01 -8.13084362e-02 -2.67405073e-02 1.01361415e-01 8.07956228e-02 9.96534865e-01 -1.97312747e-02 7.66381534e-02 2.82521785e-02 1.74983549e-02 9.99448806e-01 6.01795596e-03
9.96264517e-01 -8.20774114e-02 -2.69836062e-02 1.02274041e-01 8.15549427e-02 9.96469119e-01 -1.99263036e-02 7.73854821e-02 2.85238416e-02 1.76511506e-02 9.99438414e-01 6.08327761e-03
9.96195007e-01 -8.28397792e-02 -2.72205102e-02 1.03196089e-01 8.23075979e-02 9.96403251e-01 -2.01240785e-02 7.81380901e-02 2.87896913e-02 1.78069781e-02 9.99428039e-01 6.15188357e-03
9.96124802e-01 -8.36018957e-02 -2.74599759e-02 1.04122432e-01 8.30597845e-02 9.96336750e-01 -2.03247571e-02 7.88895415e-02 2.90585838e-02 1.79651000e-02 9.99417438e-01 6.22292439e-03
9.96053471e-01 -8.43676340e-02 -2.77055468e-02 1.05042374e-01 8.38154549e-02 9.96269385e-01 -2.05233532e-02 7.96517417e-02 2.93337075e-02 1.81201279e-02 9.99406612e-01 6.29109320e-03
9.95982347e-01 -8.51247079e-02 -2.79470571e-02 1.05954231e-01 8.45625225e-02 9.96202195e-01 -2.07192769e-02 8.04202257e-02 2.96046550e-02 1.82726827e-02 9.99395856e-01 6.36661086e-03
9.95909544e-01 -8.58921904e-02 -2.81932916e-02 1.06865162e-01 8.53199430e-02 9.96133589e-01 -2.09113172e-02 8.11826722e-02 2.98804168e-02 1.84202514e-02 9.99384951e-01 6.44282596e-03
9.95836561e-01 -8.66542852e-02 -2.84393323e-02 1.07783045e-01 8.60718510e-02 9.96064817e-01 -2.11047151e-02 8.19403936e-02 3.01562456e-02 1.85689406e-02 9.99373925e-01 6.52599313e-03
9.95763152e-01 -8.74154868e-02 -2.86804160e-02 1.08701356e-01 8.68226647e-02 9.95995384e-01 -2.13049153e-02 8.26990260e-02 3.04279551e-02 1.87244577e-02 9.99362798e-01 6.61121353e-03
9.95689500e-01 -8.81714355e-02 -2.89237877e-02 1.09622508e-01 8.75681897e-02 9.95925879e-01 -2.15019348e-02 8.34648975e-02 3.07018190e-02 1.88763638e-02 9.99351575e-01 6.68394870e-03
9.95614420e-01 -8.89358261e-02 -2.91681061e-02 1.10537762e-01 8.83219871e-02 9.95854985e-01 -2.17010669e-02 8.42268485e-02 3.09772203e-02 1.90296255e-02 9.99340179e-01 6.76908009e-03
9.95538920e-01 -8.96964023e-02 -2.94162524e-02 1.11449613e-01 8.90719954e-02 9.95783951e-01 -2.18941592e-02 8.49853811e-02 3.12560738e-02 1.91762375e-02 9.99328704e-01 6.85092617e-03
9.95462636e-01 -9.04568089e-02 -2.96694025e-02 1.12366320e-01 8.98214093e-02 9.95712194e-01 -2.20948842e-02 8.57414793e-02 3.15408332e-02 1.93295970e-02 9.99316810e-01 6.93553305e-03
9.95385117e-01 -9.12268577e-02 -2.99124185e-02 1.13284785e-01 9.05804968e-02 9.95638885e-01 -2.22980034e-02 8.64948848e-02 3.18161587e-02 1.94855304e-02 9.99305063e-01 7.01952081e-03
9.95307936e-01 -9.19867809e-02 -3.01536325e-02 1.14203823e-01 9.13295911e-02 9.95566010e-01 -2.24951987e-02 8.72489318e-02 3.20892077e-02 1.96356407e-02 9.99293405e-01 7.11230245e-03
9.95230416e-01 -9.27448991e-02 -3.03904109e-02 1.15125749e-01 9.20766198e-02 9.95492534e-01 -2.27004593e-02 8.80061583e-02 3.23587945e-02 1.97938496e-02 9.99281600e-01 7.20813632e-03
9.95152072e-01 -9.35012767e-02 -3.06384392e-02 1.16050693e-01 9.28217618e-02 9.95418747e-01 -2.29005458e-02 8.87684983e-02 3.26393229e-02 1.99455186e-02 9.99269470e-01 7.29720234e-03
9.95073650e-01 -9.42528387e-02 -3.08830927e-02 1.16969474e-01 9.35622396e-02 9.95344923e-01 -2.30953067e-02 8.95263482e-02 3.29161439e-02 2.00919453e-02 9.99257467e-01 7.37631612e-03
9.94993973e-01 -9.50084528e-02 -3.11350670e-02 1.17875369e-01 9.43068296e-02 9.95270320e-01 -2.32812188e-02 9.02823039e-02 3.31997368e-02 2.02283271e-02 9.99245344e-01 7.45448453e-03
9.94913747e-01 -9.57649136e-02 -3.13814706e-02 1.18790750e-01 9.50520786e-02 9.95194901e-01 -2.34736470e-02 9.10381809e-02 3.34786477e-02 2.03712828e-02 9.99233145e-01 7.52406167e-03
9.94833286e-01 -9.65149555e-02 -3.16347423e-02 1.19707561e-01 9.57906736e-02 9.95119522e-01 -2.36662736e-02 9.17917388e-02 3.37645155e-02 2.05135848e-02 9.99220624e-01 7.60319180e-03
9.94752700e-01 -9.72622721e-02 -3.18805081e-02 1.20613868e-01 9.65266629e-02 9.95043844e-01 -2.38573583e-02 9.25476544e-02 3.40429409e-02 2.06547524e-02 9.99208280e-01 7.67723183e-03
9.94670724e-01 -9.80188654e-02 -3.21213335e-02 1.21525028e-01 9.72717633e-02 9.94966549e-01 -2.40538901e-02 9.33121835e-02 3.43174043e-02 2.08010998e-02 9.99195866e-01 7.75330460e-03
9.94587701e-01 -9.87771592e-02 -3.23693698e-02 1.22429703e-01 9.80183353e-02 9.94888510e-01 -2.42501964e-02 9.40728076e-02 3.45992967e-02 2.09460522e-02 9.99183126e-01 7.81904751e-03
9.94503048e-01 -9.95424822e-02 -3.26256830e-02 1.23331148e-01 9.87721933e-02 9.94809503e-01 -2.44316847e-02 9.48395704e-02 3.48883472e-02 2.10747702e-02 9.99170379e-01 7.88291827e-03
9.94418597e-01 -1.00302005e-01 -3.28737593e-02 1.24236468e-01 9.95203640e-02 9.94730475e-01 -2.46125731e-02 9.56001624e-02 3.51692378e-02 2.12034859e-02 9.99157820e-01 7.95831969e-03
9.94333499e-01 -1.01062774e-01 -3.31179462e-02 1.25145768e-01 1.00269749e-01 9.94650694e-01 -2.47945187e-02 9.63641394e-02 3.54466082e-02 2.13331849e-02 9.99145271e-01 8.03650874e-03
9.94248284e-01 -1.01818326e-01 -3.33623278e-02 1.26048569e-01 1.01013711e-01 9.94570779e-01 -2.49798222e-02 9.71274608e-02 3.57246173e-02 2.14659837e-02 9.99132538e-01 8.12579123e-03
9.94161728e-01 -1.02579489e-01 -3.36101116e-02 1.26943046e-01 1.01763278e-01 9.94489790e-01 -2.51611199e-02 9.79026596e-02 3.60059450e-02 2.15938368e-02 9.99119696e-01 8.20275999e-03
9.94075888e-01 -1.03330114e-01 -3.38501905e-02 1.27845061e-01 1.02502379e-01 9.94409274e-01 -2.53428124e-02 9.86730917e-02 3.62796365e-02 2.17228416e-02 9.99107013e-01 8.28831766e-03
9.93988360e-01 -1.04090482e-01 -3.40910805e-02 1.28755736e-01 1.03250748e-01 9.94326930e-01 -2.55349354e-02 9.94373719e-02 3.65556407e-02 2.18613853e-02 9.99093943e-01 8.35977228e-03
9.93901435e-01 -1.04840301e-01 -3.43282241e-02 1.29661000e-01 1.03988689e-01 9.94245163e-01 -2.57237390e-02 1.00219164e-01 3.68275730e-02 2.19969987e-02 9.99080993e-01 8.44254492e-03
9.93812498e-01 -1.05603039e-01 -3.45653338e-02 1.30549671e-01 1.04739348e-01 9.94161369e-01 -2.59158900e-02 1.00998963e-01 3.71003342e-02 2.21350678e-02 9.99067865e-01 8.52896580e-03
9.93723146e-01 -1.06366196e-01 -3.47945177e-02 1.31438480e-01 1.05490422e-01 9.94076848e-01 -2.61107498e-02 1.01777303e-01 3.73657437e-02 2.22762493e-02 9.99054850e-01 8.61531033e-03
9.93632437e-01 -1.07131202e-01 -3.50380458e-02 1.32332851e-01 1.06243435e-01 9.93991853e-01 -2.62925245e-02 1.02556248e-01 3.76443000e-02 2.24024224e-02 9.99041585e-01 8.69289857e-03
9.93540914e-01 -1.07898710e-01 -3.52783205e-02 1.33230323e-01 1.06999165e-01 9.93906106e-01 -2.64685567e-02 1.03347693e-01 3.79192794e-02 2.25227211e-02 9.99028496e-01 8.77323700e-03
9.93449282e-01 -1.08660315e-01 -3.55213344e-02 1.34132847e-01 1.07748495e-01 9.93820191e-01 -2.66540206e-02 1.04137950e-01 3.81980718e-02 2.26519236e-02 9.99014967e-01 8.85588037e-03
9.93357689e-01 -1.09414434e-01 -3.57682040e-02 1.35033170e-01 1.08490321e-01 9.93734601e-01 -2.68355150e-02 1.04923109e-01 3.84803128e-02 2.27766360e-02 9.99001312e-01 8.94003404e-03
9.93265639e-01 -1.10167925e-01 -3.60119241e-02 1.35931076e-01 1.09231779e-01 9.93648644e-01 -2.70101895e-02 1.05703222e-01 3.87588742e-02 2.28945197e-02 9.98987864e-01 9.02623183e-03
9.93172888e-01 -1.10919795e-01 -3.62622503e-02 1.36838713e-01 1.09971515e-01 9.93562376e-01 -2.71816398e-02 1.06483597e-01 3.90438076e-02 2.30081247e-02 9.98974171e-01 9.10992104e-03
9.93079566e-01 -1.11671827e-01 -3.65101969e-02 1.37742734e-01 1.10711331e-01 9.93475466e-01 -2.73547491e-02 1.07266182e-01 3.93267576e-02 2.31232200e-02 9.98960429e-01 9.19996940e-03
9.92984422e-01 -1.12432188e-01 -3.67643503e-02 1.38639424e-01 1.11459045e-01 9.93386922e-01 -2.75333153e-02 1.08049657e-01 3.96168736e-02 2.32423023e-02 9.98946213e-01 9.28156656e-03
9.92888499e-01 -1.13193596e-01 -3.70185992e-02 1.39530016e-01 1.12208027e-01 9.93297842e-01 -2.77043695e-02 1.08835081e-01 3.99064696e-02 2.33534329e-02 9.98932107e-01 9.37192109e-03
9.92793034e-01 -1.13948300e-01 -3.72637827e-02 1.40429409e-01 1.12950106e-01 9.93208713e-01 -2.78838144e-02 1.09612265e-01 4.01880446e-02 2.34737739e-02 9.98918011e-01 9.46673611e-03
9.92697430e-01 -1.14701925e-01 -3.74990059e-02 1.41314298e-01 1.13691249e-01 9.93119086e-01 -2.80636558e-02 1.10394729e-01 4.04599515e-02 2.35952738e-02 9.98904188e-01 9.55048517e-03
9.92599519e-01 -1.15467993e-01 -3.77397858e-02 1.42200852e-01 1.14444847e-01 9.93027568e-01 -2.82383075e-02 1.11177746e-01 4.07372861e-02 2.37100684e-02 9.98890213e-01 9.63343070e-03
9.92502176e-01 -1.16224170e-01 -3.79789879e-02 1.43083109e-01 1.15188279e-01 9.92936461e-01 -2.84187177e-02 1.11956570e-01 4.10136814e-02 2.38307651e-02 9.98876045e-01 9.72112379e-03
9.92405245e-01 -1.16973762e-01 -3.82110870e-02 1.43970864e-01 1.15924891e-01 9.92845326e-01 -2.86071051e-02 1.12732533e-01 4.12839976e-02 2.39600834e-02 9.98861831e-01 9.81705126e-03
9.92305970e-01 -1.17739828e-01 -3.84367205e-02 1.44844292e-01 1.16677665e-01 9.92751410e-01 -2.88050554e-02 1.13510339e-01 4.15496287e-02 2.40985780e-02 9.98847499e-01 9.91561946e-03
9.92206063e-01 -1.18506184e-01 -3.86609138e-02 1.45723458e-01 1.17430644e-01 9.92656821e-01 -2.90039872e-02 1.14297126e-01 4.18141899e-02 2.42378104e-02 9.98833105e-01 1.00115588e-02
9.92105804e-01 -1.19270534e-01 -3.88821195e-02 1.46604367e-01 1.18182208e-01 9.92562207e-01 -2.91885244e-02 1.15086654e-01 4.20742717e-02 2.43627851e-02 9.98819101e-01 1.01069622e-02
9.92005659e-01 -1.20028853e-01 -3.91026533e-02 1.47485757e-01 1.18927220e-01 9.92467445e-01 -2.93839821e-02 1.15872733e-01 4.23350548e-02 2.44985629e-02 9.98804717e-01 1.02149215e-02
9.91903632e-01 -1.20795937e-01 -3.93288738e-02 1.48371058e-01 1.19680938e-01 9.92371124e-01 -2.95760012e-02 1.16673246e-01 4.26015185e-02 2.46294808e-02 9.98790183e-01 1.03146655e-02
9.91802279e-01 -1.21553406e-01 -3.95515347e-02 1.49256834e-01 1.20424951e-01 9.92275301e-01 -2.97702644e-02 1.17466414e-01 4.28647072e-02 2.47630766e-02 9.98775635e-01 1.04157905e-02
9.91700603e-01 -1.22308307e-01 -3.97742515e-02 1.50134703e-01 1.21166466e-01 9.92179284e-01 -2.99611116e-02 1.18258265e-01 4.31277006e-02 2.48929972e-02 9.98761100e-01 1.05248375e-02
9.91598580e-01 -1.23061510e-01 -3.99936348e-02 1.51008181e-01 1.21906128e-01 9.92082787e-01 -3.01554959e-02 1.19049566e-01 4.33879972e-02 2.50265288e-02 9.98746446e-01 1.06266802e-02
9.91495908e-01 -1.23815232e-01 -4.02118615e-02 1.51879262e-01 1.22646076e-01 9.91985523e-01 -3.03541525e-02 1.19844756e-01 4.36479109e-02 2.51640429e-02 9.98731622e-01 1.07270978e-02
9.91391473e-01 -1.24580950e-01 -4.04206986e-02 1.52759604e-01 1.23397649e-01 9.91885824e-01 -3.05650287e-02 1.20643459e-01 4.39005589e-02 2.53139423e-02 9.98716716e-01 1.08362246e-02
9.91287730e-01 -1.25336895e-01 -4.06272213e-02 1.53638594e-01 1.24140458e-01 9.91787336e-01 -3.07524722e-02 1.21443604e-01 4.41480038e-02 2.54409199e-02 9.98702543e-01 1.09402754e-02
9.91184329e-01 -1.26085718e-01 -4.08322483e-02 1.54534876e-01 1.24874867e-01 9.91688431e-01 -3.09679196e-02 1.22239100e-01 4.43975021e-02 2.55958491e-02 9.98687480e-01 1.10463180e-02
9.91078983e-01 -1.26842796e-01 -4.10436197e-02 1.55419398e-01 1.25617539e-01 9.91588050e-01 -3.11777574e-02 1.23032342e-01 4.46530587e-02 2.57436764e-02 9.98672242e-01 1.11519162e-02
9.90974698e-01 -1.27587120e-01 -4.12539108e-02 1.56306058e-01 1.26347676e-01 9.91488863e-01 -3.13813846e-02 1.23828935e-01 4.49066760e-02 2.58856780e-02 9.98657156e-01 1.12669562e-02
9.90866831e-01 -1.28348351e-01 -4.14837847e-02 1.57174907e-01 1.27094493e-01 9.91387180e-01 -3.15773885e-02 1.24614818e-01 4.51794207e-02 2.60164799e-02 9.98641469e-01 1.13788999e-02
9.90759202e-01 -1.29102443e-01 -4.17147921e-02 1.58040605e-01 1.27833898e-01 9.91285733e-01 -3.17769133e-02 1.25405429e-01 4.54537782e-02 2.61505564e-02 9.98625530e-01 1.14921055e-02
9.90649264e-01 -1.29870173e-01 -4.19427718e-02 1.58907950e-01 1.28587164e-01 9.91182029e-01 -3.19716837e-02 1.26191136e-01 4.57251128e-02 2.62792724e-02 9.98609778e-01 1.16023406e-02
9.90540732e-01 -1.30624958e-01 -4.21626110e-02 1.59791944e-01 1.29326868e-01 9.91078955e-01 -3.21826949e-02 1.26975420e-01 4.59903631e-02 2.64253590e-02 9.98593756e-01 1.17200258e-02
9.90429440e-01 -1.31393262e-01 -4.23898664e-02 1.60674319e-01 1.30079508e-01 9.90973344e-01 -3.24003873e-02 1.27770008e-01 4.62644443e-02 2.65760897e-02 9.98577105e-01 1.18397262e-02
9.90318317e-01 -1.32154497e-01 -4.26198977e-02 1.61565090e-01 1.30826374e-01 9.90868908e-01 -3.25866807e-02 1.28577378e-01 4.65372320e-02 2.66952232e-02 9.98561267e-01 1.19328183e-02
9.90205925e-01 -1.32915903e-01 -4.28635675e-02 1.62452217e-01 1.31572341e-01 9.90763537e-01 -3.27863826e-02 1.29385090e-01 4.68255157e-02 2.68254517e-02 9.98544310e-01 1.20322496e-02
9.90093568e-01 -1.33674159e-01 -4.31011974e-02 1.63332681e-01 1.32315299e-01 9.90658003e-01 -3.29847264e-02 1.30208721e-01 4.71077762e-02 2.69548569e-02 9.98527561e-01 1.21403232e-02
9.89980492e-01 -1.34431244e-01 -4.33439843e-02 1.64210773e-01 1.33057092e-01 9.90552179e-01 -3.31782630e-02 1.31033993e-01 4.73946979e-02 2.70784460e-02 9.98510651e-01 1.22557715e-02
9.89867067e-01 -1.35185286e-01 -4.35893842e-02 1.65101192e-01 1.33795961e-01 9.90446341e-01 -3.33660967e-02 1.31842021e-01 4.76835760e-02 2.71957522e-02 9.98493721e-01 1.23607817e-02
9.89752398e-01 -1.35943571e-01 -4.38350020e-02 1.65993713e-01 1.34538652e-01 9.90339142e-01 -3.35610034e-02 1.32654851e-01 4.79739456e-02 2.73194152e-02 9.98476446e-01 1.24655704e-02
9.89637118e-01 -1.36701597e-01 -4.40804314e-02 1.66871855e-01 1.35280507e-01 9.90231096e-01 -3.37662750e-02 1.33469484e-01 4.82657425e-02 2.74529677e-02 9.98458728e-01 1.25624695e-02
9.89522997e-01 -1.37450240e-01 -4.43146755e-02 1.67745565e-01 1.36013072e-01 9.90123635e-01 -3.39740855e-02 1.34283835e-01 4.85467790e-02 2.75905934e-02 9.98441320e-01 1.26657451e-02
9.89408539e-01 -1.38195738e-01 -4.45521126e-02 1.68627106e-01 1.36742345e-01 9.90016055e-01 -3.41812871e-02 1.35101346e-01 4.88310405e-02 2.77269246e-02 9.98423691e-01 1.27741211e-02
9.89294256e-01 -1.38935550e-01 -4.47894381e-02 1.69506633e-01 1.37465913e-01 9.89908728e-01 -3.43870862e-02 1.35913245e-01 4.91150703e-02 2.78617514e-02 9.98406016e-01 1.28796770e-02
9.89178899e-01 -1.39678969e-01 -4.50254174e-02 1.70388464e-01 1.38193263e-01 9.89800442e-01 -3.45884589e-02 1.36722631e-01 4.93974844e-02 2.79917878e-02 9.98388457e-01 1.29881198e-02
9.89061598e-01 -1.40431583e-01 -4.52614668e-02 1.71283996e-01 1.38929798e-01 9.89690322e-01 -3.47884488e-02 1.37530945e-01 4.96802588e-02 2.81195737e-02 9.98370847e-01 1.30956001e-02
9.88944729e-01 -1.41177145e-01 -4.54961511e-02 1.72168151e-01 1.39658972e-01 9.89580460e-01 -3.49936366e-02 1.38340131e-01 4.99624303e-02 2.82526460e-02 9.98353020e-01 1.32068387e-02
9.88827098e-01 -1.41926242e-01 -4.57226594e-02 1.73047214e-01 1.40391804e-01 9.89469463e-01 -3.51994071e-02 1.39145346e-01 5.02369216e-02 2.83868579e-02 9.98335451e-01 1.33113895e-02
9.88709894e-01 -1.42670787e-01 -4.59406067e-02 1.73925117e-01 1.41120346e-01 9.89358557e-01 -3.54031322e-02 1.39949678e-01 5.05027523e-02 2.85200874e-02 9.98318256e-01 1.34286451e-02
9.88591960e-01 -1.43415057e-01 -4.61617036e-02 1.74806134e-01 1.41848499e-01 9.89247156e-01 -3.56057833e-02 1.40755450e-01 5.07717669e-02 2.86514350e-02 9.98300865e-01 1.35407031e-02
9.88472111e-01 -1.44166194e-01 -4.63888219e-02 1.75687207e-01 1.42584006e-01 9.89134621e-01 -3.57940465e-02 1.41561435e-01 5.10451087e-02 2.87669227e-02 9.98283620e-01 1.36559844e-02
9.88351659e-01 -1.44918231e-01 -4.66124025e-02 1.76555426e-01 1.43320119e-01 9.89021171e-01 -3.59886429e-02 1.42366686e-01 5.13160910e-02 2.88887475e-02 9.98266225e-01 1.37685848e-02
9.88231068e-01 -1.45666946e-01 -4.68358673e-02 1.77427373e-01 1.44052661e-01 9.88907521e-01 -3.61865994e-02 1.43173280e-01 5.15875606e-02 2.90136958e-02 9.98248624e-01 1.38814679e-02
9.88111228e-01 -1.46406884e-01 -4.70577059e-02 1.78306982e-01 1.44775637e-01 9.88794146e-01 -3.63990919e-02 1.43977299e-01 5.18594899e-02 2.91533451e-02 9.98230478e-01 1.39966431e-02
9.87990482e-01 -1.47148384e-01 -4.72806698e-02 1.79183271e-01 1.45500463e-01 9.88680199e-01 -3.66038299e-02 1.44782150e-01 5.21316848e-02 2.92846768e-02 9.98212469e-01 1.41134551e-02
9.87867510e-01 -1.47901023e-01 -4.75021482e-02 1.80064567e-01 1.46236093e-01 9.88563839e-01 -3.68144123e-02 1.45590000e-01 5.24038240e-02 2.94210315e-02 9.98194223e-01 1.42348127e-02
9.87743289e-01 -1.48658106e-01 -4.77223653e-02 1.80940069e-01 1.46976332e-01 9.88446332e-01 -3.70210586e-02 1.46396015e-01 5.26745065e-02 2.95530397e-02 9.98176090e-01 1.43553683e-02
9.87618729e-01 -1.49414584e-01 -4.79381832e-02 1.81814012e-01 1.47715937e-01 9.88328253e-01 -3.72292019e-02 1.47202020e-01 5.29412760e-02 2.96868166e-02 9.98158021e-01 1.44769526e-02
9.87492488e-01 -1.50173616e-01 -4.81672198e-02 1.82685237e-01 1.48457636e-01 9.88209255e-01 -3.74370874e-02 1.48011391e-01 5.32213849e-02 2.98178419e-02 9.98139231e-01 1.45996754e-02
9.87366278e-01 -1.50929165e-01 -4.83932377e-02 1.83557820e-01 1.49196053e-01 9.88090281e-01 -3.76413067e-02 1.48822920e-01 5.34980888e-02 2.99454652e-02 9.98120631e-01 1.47216767e-02
9.87240251e-01 -1.51679456e-01 -4.86189024e-02 1.84427401e-01 1.49929304e-01 9.87971604e-01 -3.78424719e-02 1.49633390e-01 5.37740506e-02 3.00699993e-02 9.98102071e-01 1.48478471e-02
9.87112731e-01 -1.52433919e-01 -4.88487432e-02 1.85290838e-01 1.50666560e-01 9.87851739e-01 -3.80429686e-02 1.50444076e-01 5.40543850e-02 3.01926102e-02 9.98083240e-01 1.49735540e-02
9.86984594e-01 -1.53187468e-01 -4.90808489e-02 1.86152110e-01 1.51402780e-01 9.87731447e-01 -3.82429972e-02 1.51255792e-01 5.43370761e-02 3.03140535e-02 9.98064221e-01 1.50939809e-02
9.86857209e-01 -1.53933905e-01 -4.93073002e-02 1.87012933e-01 1.52132259e-01 9.87611796e-01 -3.84378655e-02 1.52072315e-01 5.46133924e-02 3.04312327e-02 9.98045588e-01 1.52064861e-02
9.86729319e-01 -1.54679212e-01 -4.95347223e-02 1.87869774e-01 1.52860140e-01 9.87491543e-01 -3.86392989e-02 1.52887144e-01 5.48918461e-02 3.05544211e-02 9.98026562e-01 1.53262616e-02
9.86601616e-01 -1.55419227e-01 -4.97625324e-02 1.88723003e-01 1.53583141e-01 9.87371823e-01 -3.88315703e-02 1.53701490e-01 5.51693254e-02 3.06683782e-02 9.98007782e-01 1.54527768e-02
9.86471491e-01 -1.56170834e-01 -4.99894059e-02 1.89574584e-01 1.54317363e-01 9.87249518e-01 -3.90298866e-02 1.54523175e-01 5.54473774e-02 3.07874090e-02 9.97988721e-01 1.55640928e-02
9.86341948e-01 -1.56915317e-01 -5.02146297e-02 1.90424062e-01 1.55044549e-01 9.87127809e-01 -3.92260526e-02 1.55344978e-01 5.57234565e-02 3.09045659e-02 9.97969738e-01 1.56782298e-02
9.86209964e-01 -1.57668791e-01 -5.04469769e-02 1.91263488e-01 1.55779898e-01 9.87003830e-01 -3.94318445e-02 1.56165066e-01 5.60085613e-02 3.10292201e-02 9.97949921e-01 1.57966651e-02
9.86076799e-01 -1.58425907e-01 -5.06782566e-02 1.92101466e-01 1.56519033e-01 9.86878777e-01 -3.96342398e-02 1.56987515e-01 5.62924171e-02 3.11500573e-02 9.97930197e-01 1.59164747e-02
9.85943203e-01 -1.59181458e-01 -5.09101342e-02 1.92941085e-01 1.57256005e-01 9.86753103e-01 -3.98454454e-02 1.57810495e-01 5.65784201e-02 3.12791840e-02 9.97909994e-01 1.60346532e-02
9.85811483e-01 -1.59923336e-01 -5.11362645e-02 1.93778018e-01 1.57980008e-01 9.86629346e-01 -4.00457728e-02 1.58631868e-01 5.68568239e-02 3.13988349e-02 9.97890427e-01 1.61422503e-02
9.85678112e-01 -1.60670409e-01 -5.13657013e-02 1.94618418e-01 1.58709048e-01 9.86504202e-01 -4.02457762e-02 1.59451719e-01 5.71388167e-02 3.15169365e-02 9.97870610e-01 1.62571587e-02
9.85545079e-01 -1.61411820e-01 -5.15942886e-02 1.95461133e-01 1.59432759e-01 9.86379606e-01 -4.04390111e-02 1.60270145e-01 5.74189196e-02 3.16284034e-02 9.97851019e-01 1.63722023e-02
9.85409933e-01 -1.62160909e-01 -5.18269392e-02 1.96309277e-01 1.60163878e-01 9.86253164e-01 -4.06335032e-02 1.61085236e-01 5.77036796e-02 3.17396066e-02 9.97831075e-01 1.64896769e-02
9.85274147e-01 -1.62911927e-01 -5.20534987e-02 1.97151858e-01 1.60896933e-01 9.86125726e-01 -4.08299863e-02 1.61899623e-01 5.79830169e-02 3.18532317e-02 9.97811276e-01 1.66061701e-02
9.85138399e-01 -1.63660260e-01 -5.22756829e-02 1.97996721e-01 1.61627031e-01 9.85997934e-01 -4.10322035e-02 1.62713794e-01 5.82590876e-02 3.19729832e-02 9.97791380e-01 1.67206640e-02
9.85002254e-01 -1.64407591e-01 -5.24965087e-02 1.98847887e-01 1.62356048e-01 9.85869690e-01 -4.12352024e-02 1.63531087e-01 5.85341284e-02 3.20933864e-02 9.97771431e-01 1.68367290e-02
