1.00000000e+00 0.00000000e+00 0.00000000e+00 0.00000000e+00 0.00000000e+00 1.00000000e+00 0.00000000e+00 0.00000000e+00 0.00000000e+00 0.00000000e+00 1.00000000e+00 0.00000000e+00
9.99999714e-01 -7.58814401e-04 -2.59873374e-04 9.73726698e-04 7.58774098e-04 9.99999698e-01 -1.55219256e-04 6.70847942e-04 2.59991058e-04 1.55022022e-04 9.99999968e-01 4.06909419e-05
9.99998787e-01 -1.51628567e-03 -5.21710638e-04 1.94807970e-03 1.51612791e-03 9.99998803e-01 -3.02725451e-04 1.34561695e-03 5.22169013e-04 3.01934097e-04 9.99999846e-01 7.63558892e-05
9.99997225e-01 -2.27123998e-03 -7.82896682e-04 2.93311367e-03 2.27088621e-03 9.99997320e-01 -4.52532828e-04 2.01979342e-03 7.83922366e-04 4.50753678e-04 9.99999634e-01 1.17046493e-04
9.99995016e-01 -3.02825968e-03 -1.04520587e-03 3.90939855e-03 3.02762210e-03 9.99995230e-01 -6.11164472e-04 2.70108484e-03 1.04705161e-03 6.07996887e-04 9.99999322e-01 1.64036638e-04
9.99992197e-01 -3.77792039e-03 -1.30864826e-03 4.89881976e-03 3.77692057e-03 9.99992579e-01 -7.65775165e-04 3.38276404e-03 1.31153152e-03 7.60826436e-04 9.99998919e-01 2.02826855e-04
9.99988782e-01 -4.52016656e-03 -1.57410277e-03 5.88074374e-03 4.51871021e-03 9.99989375e-01 -9.27673411e-04 4.06162613e-03 1.57827920e-03 9.20549932e-04 9.99998410e-01 2.49775419e-04
9.99984714e-01 -5.26924098e-03 -1.83482093e-03 6.86114791e-03 5.26725750e-03 9.99985560e-01 -1.08433565e-03 4.73405781e-03 1.84050797e-03 1.07465437e-03 9.99997822e-01 2.92558287e-04
9.99979954e-01 -6.02536632e-03 -2.10187138e-03 7.83967483e-03 6.02277379e-03 9.99981118e-01 -1.23775034e-03 5.41430640e-03 2.10928950e-03 1.22506612e-03 9.99997130e-01 3.30073286e-04
9.99974524e-01 -6.78761661e-03 -2.36178032e-03 8.81459465e-03 6.78431266e-03 9.99976016e-01 -1.40429352e-03 6.09583214e-03 2.37125539e-03 1.38823427e-03 9.99996342e-01 3.70360052e-04
9.99968397e-01 -7.55754205e-03 -2.61612361e-03 9.78696321e-03 7.55345535e-03 9.99970246e-01 -1.56865678e-03 6.78329961e-03 2.62790086e-03 1.54884591e-03 9.99995478e-01 4.09455348e-04
9.99961692e-01 -8.31651089e-03 -2.87707862e-03 1.07545345e-02 8.31153612e-03 9.99963951e-01 -1.73693556e-03 7.47519409e-03 2.89142004e-03 1.71295543e-03 9.99994495e-01 4.50880621e-04
9.99954366e-01 -9.07603333e-03 -3.12932075e-03 1.17235490e-02 9.07004010e-03 9.99957008e-01 -1.92427725e-03 8.16994344e-03 3.14665093e-03 1.89580557e-03 9.99993404e-01 4.88050223e-04
9.99946375e-01 -9.83811080e-03 -3.38102422e-03 1.27012792e-02 9.83102048e-03 9.99949438e-01 -2.10754803e-03 8.86712579e-03 3.40158750e-03 2.07419515e-03 9.99992227e-01 5.27565377e-04
9.99937682e-01 -1.06054717e-02 -3.63205584e-03 1.36793467e-02 1.05971547e-02 9.99941170e-01 -2.30175616e-03 9.56384185e-03 3.65625336e-03 2.26312213e-03 9.99990928e-01 5.71705397e-04
9.99928490e-01 -1.13590019e-02 -3.88663939e-03 1.46588774e-02 1.13493313e-02 9.99932431e-01 -2.50148680e-03 1.02514867e-02 3.91479121e-03 2.45719585e-03 9.99989498e-01 6.08495356e-04
9.99918727e-01 -1.21083186e-02 -4.13953273e-03 1.56322984e-02 1.20972444e-02 9.99923174e-01 -2.69010752e-03 1.09435215e-02 4.17178744e-03 2.63981044e-03 9.99988003e-01 6.48399590e-04
9.99908512e-01 -1.28476166e-02 -4.38453277e-03 1.66128808e-02 1.28350520e-02 9.99913448e-01 -2.88213253e-03 1.16341770e-02 4.42118190e-03 2.82559141e-03 9.99986435e-01 6.97449695e-04
9.99897709e-01 -1.35861863e-02 -4.62763100e-03 1.75933366e-02 1.35721150e-02 9.99903200e-01 -3.05894582e-03 1.23236799e-02 4.66874253e-03 2.99582420e-03 9.99984829e-01 7.54081826e-04
9.99886133e-01 -1.43329517e-02 -4.87938717e-03 1.85725058e-02 1.43172357e-02 9.99892239e-01 -3.24101255e-03 1.30108197e-02 4.92531473e-03 3.17078195e-03 9.99983070e-01 8.09315098e-04
9.99873767e-01 -1.50890932e-02 -5.13508124e-03 1.95555014e-02 1.50716137e-02 9.99880532e-01 -3.42606497e-03 1.36980716e-02 5.18616407e-03 3.34823603e-03 9.99981183e-01 8.61103486e-04
9.99860718e-01 -1.58458729e-02 -5.39685329e-03 2.05236519e-02 1.58266442e-02 9.99868300e-01 -3.58746796e-03 1.43945016e-02 5.45298914e-03 3.50155147e-03 9.99979251e-01 9.06606089e-04
9.99847212e-01 -1.65956426e-02 -5.64797809e-03 2.14926381e-02 1.65745813e-02 9.99855567e-01 -3.75586415e-03 1.50940364e-02 5.70949336e-03 3.66167439e-03 9.99977259e-01 9.47564438e-04
9.99832925e-01 -1.73510729e-02 -5.90787040e-03 2.24698765e-02 1.73280587e-02 9.99842143e-01 -3.92491297e-03 1.57988048e-02 5.97503926e-03 3.82188197e-03 9.99975120e-01 9.93134548e-04
9.99818131e-01 -1.80993430e-02 -6.16819520e-03 2.34427587e-02 1.80743570e-02 9.99828304e-01 -4.08295842e-03 1.64985426e-02 6.24103500e-03 3.97072608e-03 9.99972928e-01 1.03644132e-03
9.99802609e-01 -1.88542196e-02 -6.42396607e-03 2.44175538e-02 1.88271499e-02 9.99813722e-01 -4.24883243e-03 1.71987000e-02 6.50287780e-03 4.12704485e-03 9.99970640e-01 1.08835037e-03
9.99786558e-01 -1.96039102e-02 -6.67974584e-03 2.53940690e-02 1.95746860e-02 9.99798660e-01 -4.41292058e-03 1.78981688e-02 6.76491137e-03 4.28122049e-03 9.99968267e-01 1.13568375e-03
9.99769773e-01 -2.03576373e-02 -6.93845330e-03 2.63641153e-02 2.03261972e-02 9.99782951e-01 -4.57227743e-03 1.86046083e-02 7.03002796e-03 4.43018780e-03 9.99965803e-01 1.18146479e-03
9.99752389e-01 -2.11114121e-02 -7.19199114e-03 2.73361699e-02 2.10776885e-02 9.99766643e-01 -4.73321869e-03 1.93132914e-02 7.29023761e-03 4.58045121e-03 9.99963277e-01 1.21852276e-03
9.99734405e-01 -2.18632723e-02 -7.44695780e-03 2.83035999e-02 2.18271181e-02 9.99749751e-01 -4.90227425e-03 2.00183268e-02 7.55227377e-03 4.73842130e-03 9.99960609e-01 1.25921205e-03
9.99715702e-01 -2.26192832e-02 -7.70081724e-03 2.92705043e-02 2.25806321e-02 9.99732180e-01 -5.06978706e-03 2.07235139e-02 7.81342952e-03 4.89445073e-03 9.99957864e-01 1.29927960e-03
9.99696530e-01 -2.33695207e-02 -7.95122090e-03 3.02386290e-02 2.33283271e-02 9.99714166e-01 -5.23490012e-03 2.14361697e-02 8.07128500e-03 5.04781671e-03 9.99955069e-01 1.34271736e-03
9.99676617e-01 -2.41228919e-02 -8.20603237e-03 3.12006909e-02 2.40790112e-02 9.99695463e-01 -5.40500079e-03 2.21518616e-02 8.33391728e-03 5.20565326e-03 9.99952118e-01 1.39013800e-03
9.99656101e-01 -2.48758019e-02 -8.45867246e-03 3.21657296e-02 2.48291859e-02 9.99676196e-01 -5.57230311e-03 2.28625323e-02 8.59454869e-03 5.36035793e-03 9.99949108e-01 1.43597798e-03
9.99635158e-01 -2.56198860e-02 -8.71461336e-03 3.31378572e-02 2.55704533e-02 9.99656585e-01 -5.73749929e-03 2.35800387e-02 8.85861432e-03 5.51256203e-03 9.99945989e-01 1.47727475e-03
9.99613345e-01 -2.63740933e-02 -8.96780716e-03 3.41026201e-02 2.63217302e-02 9.99636094e-01 -5.90795405e-03 2.43064494e-02 9.12036024e-03 5.66961369e-03 9.99942771e-01 1.52205872e-03
9.99590658e-01 -2.71377488e-02 -9.21848646e-03 3.50561968e-02 2.70824142e-02 9.99614765e-01 -6.07549807e-03 2.50249936e-02 9.37981006e-03 5.82334396e-03 9.99939501e-01 1.57596087e-03
9.99567588e-01 -2.78932354e-02 -9.46624849e-03 3.60100529e-02 2.78348287e-02 9.99593040e-01 -6.24687970e-03 2.57448037e-02 9.63664132e-03 5.98067828e-03 9.99936145e-01 1.63120476e-03
9.99543834e-01 -2.86513311e-02 -9.71135386e-03 3.69723883e-02 2.85898482e-02 9.99570683e-01 -6.41203131e-03 2.64662775e-02 9.89089734e-03 6.13145093e-03 9.99932765e-01 1.68189250e-03
9.99519448e-01 -2.94092031e-02 -9.95674209e-03 3.79273851e-02 2.93445699e-02 9.99547741e-01 -6.57665265e-03 2.71884194e-02 1.01456526e-02 6.28130611e-03 9.99929298e-01 1.73590185e-03
9.99494415e-01 -3.01650563e-02 -1.02091863e-02 3.88799404e-02 3.00971920e-02 9.99524295e-01 -6.73721336e-03 2.79081286e-02 1.04075576e-02 6.42652899e-03 9.99925699e-01 1.78638281e-03
9.99468755e-01 -3.09224719e-02 -1.04562605e-02 3.98202964e-02 3.08512653e-02 9.99500163e-01 -6.90424979e-03 2.86284395e-02 1.06645299e-02 6.57798223e-03 9.99922021e-01 1.83800477e-03
9.99442445e-01 -3.16800538e-02 -1.07040217e-02 4.07636052e-02 3.16053186e-02 9.99475367e-01 -7.08068295e-03 2.93432961e-02 1.09227218e-02 6.73841967e-03 9.99918179e-01 1.89654757e-03
9.99415050e-01 -3.24471128e-02 -1.09638000e-02 4.17140500e-02 3.23687631e-02 9.99449712e-01 -7.24988666e-03 3.00759143e-02 1.11930039e-02 6.89074928e-03 9.99914164e-01 1.95319338e-03
9.99387312e-01 -3.32086634e-02 -1.12124832e-02 4.26590165e-02 3.31267041e-02 9.99423639e-01 -7.41815086e-03 3.08057347e-02 1.14523669e-02 7.04216076e-03 9.99910186e-01 2.02083748e-03
9.99358822e-01 -3.39748318e-02 -1.14568156e-02 4.36071406e-02 3.38892949e-02 9.99396854e-01 -7.57952611e-03 3.15345634e-02 1.17074178e-02 7.18638982e-03 9.99906223e-01 2.08645591e-03
9.99329799e-01 -3.47355624e-02 -1.17076516e-02 4.45551400e-02 3.46462846e-02 9.99369632e-01 -7.74428493e-03 3.22592811e-02 1.19692727e-02 7.33345445e-03 9.99902070e-01 2.15094449e-03
9.99300001e-01 -3.54990697e-02 -1.19610297e-02 4.55097075e-02 3.54059387e-02 9.99341703e-01 -7.91024753e-03 3.29864166e-02 1.22339613e-02 7.48120469e-03 9.99897786e-01 2.20327869e-03
9.99269655e-01 -3.62634720e-02 -1.22036665e-02 4.64582251e-02 3.61664821e-02 9.99313129e-01 -8.07683533e-03 3.37023953e-02 1.24881773e-02 7.62955797e-03 9.99893538e-01 2.26404461e-03
9.99238651e-01 -3.70251183e-02 -1.24556259e-02 4.74128561e-02 3.69241603e-02 9.99284083e-01 -8.24025634e-03 3.44287955e-02 1.27518041e-02 7.77405370e-03 9.99889112e-01 2.31744306e-03
9.99206794e-01 -3.77923285e-02 -1.27070621e-02 4.83593085e-02 3.76873354e-02 9.99254228e-01 -8.40317432e-03 3.51619715e-02 1.30151599e-02 7.91759755e-03 9.99884607e-01 2.37189553e-03
9.99174033e-01 -3.85598718e-02 -1.29763558e-02 4.93121032e-02 3.84506267e-02 9.99223761e-01 -8.56574405e-03 3.59003081e-02 1.32965759e-02 8.05970346e-03 9.99879779e-01 2.42764218e-03
9.99141019e-01 -3.93216228e-02 -1.32325482e-02 5.02434849e-02 3.92081293e-02 9.99192900e-01 -8.72989581e-03 3.66198029e-02 1.35651407e-02 8.20355637e-03 9.99875015e-01 2.48573361e-03
9.99107516e-01 -4.00788863e-02 -1.34905739e-02 5.11716258e-02 3.99611123e-02 9.99161663e-01 -8.88951403e-03 3.73357851e-02 1.38355448e-02 8.34246417e-03 9.99870174e-01 2.55373821e-03
9.99073271e-01 -4.08401093e-02 -1.37439381e-02 5.21084667e-02 4.07179835e-02 9.99129649e-01 -9.05152674e-03 3.80567817e-02 1.41016401e-02 8.48349458e-03 9.99865285e-01 2.61633721e-03
9.99038325e-01 -4.15998242e-02 -1.40056804e-02 5.30441372e-02 4.14732080e-02 9.99097110e-01 -9.21279514e-03 3.87668094e-02 1.43762841e-02 8.62305593e-03 9.99860192e-01 2.67329002e-03
9.99003409e-01 -4.23486338e-02 -1.42531682e-02 5.39813075e-02 4.22175759e-02 9.99064442e-01 -9.37382808e-03 3.94816814e-02 1.46368010e-02 8.76273232e-03 9.99855214e-01 2.72539258e-03
9.98967510e-01 -4.31021133e-02 -1.45110793e-02 5.49252215e-02 4.29664110e-02 9.99030975e-01 -9.53722908e-03 4.01946681e-02 1.49080910e-02 8.90387267e-03 9.99849972e-01 2.78012808e-03
9.98931175e-01 -4.38515249e-02 -1.47678125e-02 5.58667093e-02 4.37110929e-02 9.98997092e-01 -9.70174947e-03 4.09180909e-02 1.51784367e-02 9.04584179e-03 9.99844643e-01 2.83188177e-03
9.98893607e-01 -4.46145391e-02 -1.50235722e-02 5.67997290e-02 4.44692932e-02 9.98962004e-01 -9.86723656e-03 4.16405082e-02 1.54481984e-02 9.18821022e-03 9.99839226e-01 2.88165780e-03
9.98855294e-01 -4.53769906e-02 -1.52871007e-02 5.77445361e-02 4.52268069e-02 9.98926361e-01 -1.00309502e-02 4.23698250e-02 1.57258606e-02 9.32805869e-03 9.99833614e-01 2.92804908e-03
9.98816263e-01 -4.61405046e-02 -1.55515700e-02 5.86945953e-02 4.59853448e-02 9.98890101e-01 -1.01914970e-02 4.30914123e-02 1.60045484e-02 9.46426564e-03 9.99827924e-01 2.97840679e-03
9.98776403e-01 -4.69072582e-02 -1.58172620e-02 5.96389826e-02 4.67470254e-02 9.98853084e-01 -1.03524546e-02 4.38127242e-02 1.62847243e-02 9.60035383e-03 9.99822114e-01 3.02727856e-03
9.98735943e-01 -4.76762423e-02 -1.60726251e-02 6.05891985e-02 4.75108634e-02 9.98815293e-01 -1.05191485e-02 4.45340744e-02 1.65550953e-02 9.74220306e-03 9.99816314e-01 3.07434892e-03
9.98694707e-01 -4.84450729e-02 -1.63354736e-02 6.15405052e-02 4.82743437e-02 9.98776874e-01 -1.06888674e-02 4.52612595e-02 1.68333143e-02 9.88630605e-03 9.99810265e-01 3.12471907e-03
9.98653098e-01 -4.92104639e-02 -1.65913454e-02 6.24740470e-02 4.90342670e-02 9.98737950e-01 -1.08646836e-02 4.59911806e-02 1.71050604e-02 1.00364797e-02 9.99804168e-01 3.17204257e-03
9.98610950e-01 -4.99745859e-02 -1.68442435e-02 6.34109042e-02 4.97928381e-02 9.98698466e-01 -1.10421885e-02 4.67166601e-02 1.73741471e-02 1.01881011e-02 9.99798006e-01 3.21716359e-03
9.98567906e-01 -5.07462271e-02 -1.70889662e-02 6.43503018e-02 5.05590750e-02 9.98658072e-01 -1.12114474e-02 4.74361131e-02 1.76349708e-02 1.03313619e-02 9.99791985e-01 3.27046535e-03
9.98524348e-01 -5.15104429e-02 -1.73476107e-02 6.52830788e-02 5.13175383e-02 9.98617384e-01 -1.13876562e-02 4.81599798e-02 1.79102070e-02 1.04805872e-02 9.99785550e-01 3.31970984e-03
9.98480645e-01 -5.22702748e-02 -1.75907574e-02 6.62213023e-02 5.20715978e-02 9.98576257e-01 -1.15693436e-02 4.88893108e-02 1.81704436e-02 1.06357579e-02 9.99779229e-01 3.36938873e-03
9.98435678e-01 -5.30386413e-02 -1.78430350e-02 6.71640761e-02 5.28340002e-02 9.98534071e-01 -1.17516145e-02 4.96173839e-02 1.84401663e-02 1.07904825e-02 9.99772644e-01 3.41919517e-03
9.98390474e-01 -5.37984444e-02 -1.80978499e-02 6.81092992e-02 5.35877300e-02 9.98491743e-01 -1.19335939e-02 5.03476499e-02 1.87125608e-02 1.09445332e-02 9.99765918e-01 3.46833028e-03
9.98344634e-01 -5.45602405e-02 -1.83463237e-02 6.90553256e-02 5.43431701e-02 9.98448543e-01 -1.21296345e-02 5.10643600e-02 1.89796544e-02 1.11125267e-02 9.99759040e-01 3.52446016e-03
9.98298290e-01 -5.53191135e-02 -1.85959675e-02 6.99982818e-02 5.50957068e-02 9.98404976e-01 -1.23191508e-02 5.17908641e-02 1.92477896e-02 1.12735970e-02 9.99752121e-01 3.58508810e-03
9.98251801e-01 -5.60692459e-02 -1.88456788e-02 7.09394816e-02 5.58395622e-02 9.98361393e-01 -1.25009871e-02 5.25194604e-02 1.95157177e-02 1.14267653e-02 9.99745199e-01 3.64376035e-03
9.98204247e-01 -5.68275020e-02 -1.90937277e-02 7.18779120e-02 5.65913669e-02 9.98316693e-01 -1.26883808e-02 5.32419154e-02 1.97826348e-02 1.15850214e-02 9.99738143e-01 3.70619100e-03
9.98156414e-01 -5.75762351e-02 -1.93517487e-02 7.28191067e-02 5.73334950e-02 9.98271986e-01 -1.28731819e-02 5.39729943e-02 2.00594968e-02 1.17399107e-02 9.99730829e-01 3.75330146e-03
9.98107645e-01 -5.83321407e-02 -1.96037523e-02 7.37575187e-02 5.80827696e-02 9.98226264e-01 -1.30584611e-02 5.46992793e-02 2.03307074e-02 1.18950739e-02 9.99723527e-01 3.80324824e-03
9.98058661e-01 -5.90817260e-02 -1.98535423e-02 7.46945295e-02 5.88259577e-02 9.98180498e-01 -1.32294253e-02 5.54266934e-02 2.05990350e-02 1.20358022e-02 9.99716363e-01 3.84657686e-03
9.98008713e-01 -5.98347677e-02 -2.01095587e-02 7.56243165e-02 5.95724035e-02 9.98133922e-01 -1.34025209e-02 5.61592537e-02 2.08739683e-02 1.21778203e-02 9.99708952e-01 3.89802288e-03
9.97958282e-01 -6.05872105e-02 -2.03598843e-02 7.65543611e-02 6.03182075e-02 9.98086774e-01 -1.35771182e-02 5.68940096e-02 2.11435298e-02 1.23212873e-02 9.99701543e-01 3.95959306e-03
9.97906886e-01 -6.13442746e-02 -2.06123795e-02 7.74792932e-02 6.10684684e-02 9.98038722e-01 -1.37543932e-02 5.76206034e-02 2.14157050e-02 1.24667979e-02 9.99693957e-01 4.01674906e-03
9.97855288e-01 -6.20958934e-02 -2.08603236e-02 7.84089837e-02 6.18134221e-02 9.97990512e-01 -1.39241136e-02 5.83430819e-02 2.16830341e-02 1.26047621e-02 9.99686479e-01 4.06718066e-03
9.97803066e-01 -6.28470323e-02 -2.11094234e-02 7.93388177e-02 6.25576223e-02 9.97941644e-01 -1.41021187e-02 5.90684011e-02 2.19522479e-02 1.27505406e-02 9.99678768e-01 4.12171962e-03
9.97750506e-01 -6.35952646e-02 -2.13536495e-02 8.02677806e-02 6.32987401e-02 9.97892282e-01 -1.42871676e-02 5.97927282e-02 2.22172372e-02 1.29033272e-02 9.99670966e-01 4.16777857e-03
9.97696920e-01 -6.43511353e-02 -2.15934990e-02 8.11894796e-02 6.40474720e-02 9.97841840e-01 -1.44721632e-02 6.05204434e-02 2.24781959e-02 1.30557802e-02 9.99663166e-01 4.21787621e-03
9.97642227e-01 -6.51111556e-02 -2.18423227e-02 8.21091007e-02 6.48003544e-02 9.97790658e-01 -1.46482935e-02 6.12542383e-02 2.27478319e-02 1.31983215e-02 9.99655208e-01 4.27023514e-03
9.97587558e-01 -6.58636176e-02 -2.20839072e-02 8.30306366e-02 6.55455971e-02 9.97739319e-01 -1.48286269e-02 6.19932196e-02 2.30106486e-02 1.33453053e-02 9.99647256e-01 4.31384499e-03
9.97531962e-01 -6.66189094e-02 -2.23302024e-02 8.39587186e-02 6.62935784e-02 9.97687238e-01 -1.50067061e-02 6.27263136e-02 2.32782874e-02 1.34892734e-02 9.99639140e-01 4.36904182e-03
9.97475683e-01 -6.73747825e-02 -2.25768033e-02 8.48848851e-02 6.70420752e-02 9.97634539e-01 -1.51839939e-02 6.34531809e-02 2.35464161e-02 1.36320213e-02 9.99630937e-01 4.42692894e-03
9.97418641e-01 -6.81333503e-02 -2.28207953e-02 8.58128236e-02 6.77930373e-02 9.97580953e-01 -1.53690833e-02 6.41779872e-02 2.38127370e-02 1.37822704e-02 9.99622581e-01 4.49422122e-03
9.97361247e-01 -6.88893158e-02 -2.30602570e-02 8.67430724e-02 6.85413849e-02 9.97526951e-01 -1.55538209e-02 6.49087311e-02 2.40747191e-02 1.39321464e-02 9.99614242e-01 4.56654129e-03
9.97302910e-01 -6.96495758e-02 -2.32999939e-02 8.76635786e-02 6.92940581e-02 9.97472124e-01 -1.57337940e-02 6.56384549e-02 2.43369457e-02 1.40767564e-02 9.99605881e-01 4.62883397e-03
9.97244444e-01 -7.04033573e-02 -2.35376165e-02 8.85813891e-02 7.00402523e-02 9.97417185e-01 -1.59117491e-02 6.63735724e-02 2.45970630e-02 1.42192706e-02 9.99597513e-01 4.69095695e-03
9.97185012e-01 -7.11591490e-02 -2.37832087e-02 8.95030937e-02 7.07880949e-02 9.97361423e-01 -1.60965322e-02 6.71115130e-02 2.48658697e-02 1.43675993e-02 9.99588753e-01 4.75246484e-03
9.97124128e-01 -7.19235348e-02 -2.40365295e-02 9.04179817e-02 7.15444199e-02 9.97304503e-01 -1.62780374e-02 6.78545432e-02 2.51425123e-02 1.45114899e-02 9.99579766e-01 4.81332576e-03
9.97062769e-01 -7.26891585e-02 -2.42788758e-02 9.13324063e-02 7.23021659e-02 9.97246937e-01 -1.64553932e-02 6.86031590e-02 2.54081625e-02 1.46515891e-02 9.99571019e-01 4.86204620e-03
9.97000951e-01 -7.34490112e-02 -2.45307887e-02 9.22493771e-02 7.30539765e-02 9.97189237e-01 -1.66305457e-02 6.93562783e-02 2.56833348e-02 1.47885416e-02 9.99561982e-01 4.91971594e-03
9.96937885e-01 -7.42148433e-02 -2.47887034e-02 9.31652926e-02 7.38114918e-02 9.97130440e-01 -1.68097974e-02 7.01098337e-02 2.59651064e-02 1.49285750e-02 9.99552631e-01 4.98960911e-03
9.96875055e-01 -7.49718756e-02 -2.50377579e-02 9.40825657e-02 7.45602421e-02 9.97071685e-01 -1.69895752e-02 7.08621890e-02 2.62381790e-02 1.50696036e-02 9.99543396e-01 5.05601932e-03
9.96811416e-01 -7.57323655e-02 -2.52829575e-02 9.49956011e-02 7.53123993e-02 9.97012053e-01 -1.71704424e-02 7.16187248e-02 2.65077708e-02 1.52115128e-02 9.99534147e-01 5.13095336e-03
9.96747687e-01 -7.64885293e-02 -2.55196966e-02 9.59129574e-02 7.60601666e-02 9.96952081e-01 -1.73555202e-02 7.23685113e-02 2.67694121e-02 1.53579810e-02 9.99524948e-01 5.20092722e-03
9.96682039e-01 -7.72563106e-02 -2.57708134e-02 9.68318849e-02 7.68192983e-02 9.96890657e-01 -1.75388146e-02 7.31287816e-02 2.70456665e-02 1.55008632e-02 9.99515317e-01 5.26978833e-03
9.96615997e-01 -7.80207866e-02 -2.60217740e-02 9.77628440e-02 7.75746151e-02 9.96828637e-01 -1.77377715e-02 7.38925423e-02 2.73231639e-02 1.56590541e-02 9.99505312e-01 5.33035145e-03
9.96550183e-01 -7.87728807e-02 -2.62767369e-02 9.86923378e-02 7.83178293e-02 9.96767248e-01 -1.79208927e-02 7.46584208e-02 2.76034705e-02 1.58010671e-02 9.99495386e-01 5.38431279e-03
9.96483932e-01 -7.95228221e-02 -2.65307152e-02 9.96202508e-02 7.90586552e-02 9.96705350e-01 -1.81099820e-02 7.54310280e-02 2.78834621e-02 1.59487574e-02 9.99485277e-01 5.44027087e-03
9.96417160e-01 -8.02731150e-02 -2.67794669e-02 1.00543243e-01 7.97997536e-02 9.96642788e-01 -1.83017719e-02 7.61970949e-02 2.81587024e-02 1.60991376e-02 9.99475160e-01 5.50307554e-03
9.96350246e-01 -8.10168938e-02 -2.70298587e-02 1.01455658e-01 8.05343068e-02 9.96580225e-01 -1.84906051e-02 7.69576926e-02 2.84354737e-02 1.62462197e-02 9.99464955e-01 5.55708657e-03
9.96282463e-01 -8.17633288e-02 -2.72812243e-02 1.02374213e-01 8.12714661e-02 9.96516899e-01 -1.86776515e-02 7.77175303e-02 2.87133477e-02 1.63909619e-02 9.99454657e-01 5.62252535e-03
9.96214069e-01 -8.25104948e-02 -2.75298225e-02 1.03291651e-01 8.20093438e-02 9.96452946e-01 -1.88637876e-02 7.84974553e-02 2.89886329e-02 1.65345970e-02 9.99444356e-01 5.68363961e-03
9.96143756e-01 -8.32755651e-02 -2.77706237e-02 1.04216848e-01 8.27649919e-02 9.96386797e-01 -1.90562426e-02 7.92743392e-02 2.92572020e-02 1.66842493e-02 9.99434055e-01 5.76476084e-03
9.96072598e-01 -8.40444168e-02 -2.80069444e-02 1.05138889e-01 8.35241249e-02 9.96319548e-01 -1.92584621e-02 8.00554510e-02 2.95224324e-02 1.68434971e-02 9.99423596e-01 5.84877890e-03
9.96002350e-01 -8.47960815e-02 -2.82401604e-02 1.06035785e-01 8.42664088e-02 9.96253363e-01 -1.94480041e-02 8.08288101e-02 2.97834694e-02 1.69904858e-02 9.99413377e-01 5.93572146e-03
9.95930669e-01 -8.55502520e-02 -2.84938031e-02 1.06943057e-01 8.50101158e-02 9.96186030e-01 -1.96592212e-02 8.16126788e-02 3.00669803e-02 1.71568834e-02 9.99402050e-01 6.00612823e-03
9.95858393e-01 -8.63071512e-02 -2.87376516e-02 1.07846137e-01 8.57568884e-02 9.96118002e-01 -1.98617010e-02 8.23827045e-02 3.03402995e-02 1.73149123e-02 9.99391074e-01 6.08528926e-03
9.95785181e-01 -8.70652562e-02 -2.89879577e-02 1.08753596e-01 8.65045932e-02 9.96049240e-01 -2.00664731e-02 8.31645885e-02 3.06205266e-02 1.74742259e-02 9.99379762e-01 6.15894337e-03
9.95711886e-01 -8.78208758e-02 -2.92267542e-02 1.09647868e-01 8.72499564e-02 9.95980100e-01 -2.02701051e-02 8.39415193e-02 3.08894049e-02 1.76330709e-02 9.99368708e-01 6.23466280e-03
9.95638410e-01 -8.85715105e-02 -2.94652785e-02 1.10551097e-01 8.79900431e-02 9.95910690e-01 -2.04803336e-02 8.47067475e-02 3.11587612e-02 1.77982735e-02 9.99357426e-01 6.30181965e-03
9.95564953e-01 -8.93152092e-02 -2.97031088e-02 1.11467198e-01 8.87232050e-02 9.95841364e-01 -2.06875792e-02 8.54772839e-02 3.14273014e-02 1.79603902e-02 9.99346127e-01 6.38552118e-03
9.95489339e-01 -9.00715042e-02 -2.99538037e-02 1.12385875e-01 8.94687507e-02 9.95770402e-01 -2.08913885e-02 8.62481488e-02 3.17088316e-02 1.81171401e-02 9.99334411e-01 6.46012734e-03
9.95413245e-01 -9.08274992e-02 -3.02000907e-02 1.13298105e-01 9.02142751e-02 9.95699031e-01 -2.10860948e-02 8.70284134e-02 3.19854001e-02 1.82648124e-02 9.99322920e-01 6.54617628e-03
9.95336937e-01 -9.15823178e-02 -3.04360127e-02 1.14209330e-01 9.09584864e-02 9.95627019e-01 -2.12882692e-02 8.77967044e-02 3.22525475e-02 1.84204991e-02 9.99311487e-01 6.62002986e-03
9.95260009e-01 -9.23386655e-02 -3.06669178e-02 1.15122265e-01 9.17043398e-02 9.95554323e-01 -2.14871629e-02 8.85660941e-02 3.25146806e-02 1.85729350e-02 9.99300184e-01 6.69693908e-03
9.95181889e-01 -9.31005591e-02 -3.08989135e-02 1.16046929e-01 9.24554383e-02 9.95480399e-01 -2.16920839e-02 8.93281671e-02 3.27788102e-02 1.87307053e-02 9.99288622e-01 6.77098882e-03
9.95104437e-01 -9.38486643e-02 -3.11308962e-02 1.16970020e-01 9.31927312e-02 9.95407214e-01 -2.18947523e-02 9.00817867e-02 3.30427144e-02 1.88862991e-02 9.99277014e-01 6.84782811e-03
9.95024033e-01 -9.46170412e-02 -3.13750202e-02 1.17889848e-01 9.39495559e-02 9.95331290e-01 -2.21102611e-02 9.08631759e-02 3.33205497e-02 1.90524776e-02 9.99264640e-01 6.92366298e-03
9.94944050e-01 -9.53784531e-02 -3.16063959e-02 1.18813835e-01 9.46999059e-02 9.95255591e-01 -2.23155304e-02 9.16221011e-02 3.35848661e-02 1.92094856e-02 9.99252797e-01 7.00206786e-03
9.94863595e-01 -9.61374681e-02 -3.18397548e-02 1.19723182e-01 9.54478264e-02 9.95179577e-01 -2.25180193e-02 9.23927316e-02 3.38511024e-02 1.93632246e-02 9.99240858e-01 7.07748702e-03
9.94782443e-01 -9.68941983e-02 -3.20817276e-02 1.20629568e-01 9.61934561e-02 9.95103344e-01 -2.27131921e-02 9.31545604e-02 3.41254144e-02 1.95085334e-02 9.99228712e-01 7.15682433e-03
9.94700973e-01 -9.76445540e-02 -3.23330862e-02 1.21541141e-01 9.69324140e-02 9.95027147e-01 -2.29090943e-02 9.39334352e-02 3.44092502e-02 1.96534737e-02 9.99216147e-01 7.23621116e-03
9.94617978e-01 -9.84032334e-02 -3.25862119e-02 1.22451239e-01 9.76795077e-02 9.94949506e-01 -2.31069384e-02 9.47060401e-02 3.46954364e-02 1.97994691e-02 9.99203376e-01 7.31293994e-03
9.94533309e-01 -9.91742814e-02 -3.28327662e-02 1.23355170e-01 9.84391020e-02 9.94870070e-01 -2.33023217e-02 9.54775555e-02 3.49753310e-02 1.99428035e-02 9.99190778e-01 7.39383245e-03
9.94448888e-01 -9.99366429e-02 -3.30783034e-02 1.24263557e-01 9.91899711e-02 9.94790907e-01 -2.34968564e-02 9.62450924e-02 3.52541960e-02 2.00852817e-02 9.99178134e-01 7.47109120e-03
9.94364765e-01 -1.00690145e-01 -3.33224546e-02 1.25159192e-01 9.99317244e-02 9.94711923e-01 -2.36969056e-02 9.70190436e-02 3.55322916e-02 2.02332909e-02 9.99165307e-01 7.54314356e-03
9.94279749e-01 -1.01444500e-01 -3.35715238e-02 1.26052879e-01 1.00674173e-01 9.94632288e-01 -2.38961165e-02 9.77946182e-02 3.58154550e-02 2.03795311e-02 9.99152233e-01 7.62739134e-03
9.94195049e-01 -1.02192436e-01 -3.38120242e-02 1.26950728e-01 1.01410603e-01 9.94552884e-01 -2.40865852e-02 9.85842560e-02 3.60893169e-02 2.05177562e-02 9.99139563e-01 7.71167959e-03
9.94109333e-01 -1.02943002e-01 -3.40558233e-02 1.27849070e-01 1.02149604e-01 9.94472688e-01 -2.42745678e-02 9.93711678e-02 3.63664868e-02 2.06526742e-02 9.99126745e-01 7.79486720e-03
9.94022382e-01 -1.03699148e-01 -3.43000365e-02 1.28748908e-01 1.02894178e-01 9.94391374e-01 -2.44603356e-02 1.00155047e-01 3.66441802e-02 2.07847340e-02 9.99113873e-01 7.87564809e-03
9.93934751e-01 -1.04456190e-01 -3.45426094e-02 1.29652506e-01 1.03639543e-01 9.94309336e-01 -2.46477544e-02 1.00933545e-01 3.69206533e-02 2.09181647e-02 9.99100922e-01 7.95007632e-03
9.93847216e-01 -1.05206308e-01 -3.47851541e-02 1.30559452e-01 1.04377895e-01 9.94227435e-01 -2.48353726e-02 1.01711333e-01 3.71971961e-02 2.10516484e-02 9.99087873e-01 8.03847132e-03
9.93759665e-01 -1.05953017e-01 -3.50205964e-02 1.31455538e-01 1.05112825e-01 9.94145252e-01 -2.50251523e-02 1.02491668e-01 3.74670537e-02 2.11877551e-02 9.99074927e-01 8.11649940e-03
9.93672373e-01 -1.06691085e-01 -3.52574680e-02 1.32356389e-01 1.05838767e-01 9.94063289e-01 -2.52211401e-02 1.03269498e-01 3.77390292e-02 2.13298235e-02 9.99061679e-01 8.19317548e-03
9.93583062e-01 -1.07440126e-01 -3.55002096e-02 1.33242762e-01 1.06575773e-01 9.93979755e-01 -2.54093536e-02 1.04052539e-01 3.80164775e-02 2.14627197e-02 9.99048326e-01 8.27468998e-03
9.93492569e-01 -1.08196330e-01 -3.57364886e-02 1.34128590e-01 1.07319997e-01 9.93894842e-01 -2.55977421e-02 1.04832813e-01 3.82878971e-02 2.15958035e-02 9.99035107e-01 8.35337626e-03
9.93402009e-01 -1.08946528e-01 -3.59752045e-02 1.35032620e-01 1.08057743e-01 9.93809810e-01 -2.57948877e-02 1.05609363e-01 3.85627783e-02 2.17371690e-02 9.99021480e-01 8.43381034e-03
9.93310859e-01 -1.09696616e-01 -3.62131105e-02 1.35932054e-01 1.08795113e-01 9.93724089e-01 -2.59971962e-02 1.06391240e-01 3.88376486e-02 2.18833612e-02 9.99007651e-01 8.50175710e-03
9.93220455e-01 -1.10433849e-01 -3.64526676e-02 1.36837084e-01 1.09519931e-01 9.93639459e-01 -2.61884555e-02 1.07172583e-01 3.91129046e-02 2.20184876e-02 9.98993956e-01 8.58115034e-03
9.93128182e-01 -1.11182537e-01 -3.66912772e-02 1.37737376e-01 1.10255916e-01 9.93552849e-01 -2.63856422e-02 1.07947197e-01 3.93883495e-02 2.21587642e-02 9.98980044e-01 8.66631731e-03
9.93036003e-01 -1.11927343e-01 -3.69222994e-02 1.38628501e-01 1.10988780e-01 9.93466459e-01 -2.65657532e-02 1.08724696e-01 3.96545040e-02 2.22826563e-02 9.98966775e-01 8.73615108e-03
9.92940711e-01 -1.12689897e-01 -3.71656620e-02 1.39522081e-01 1.11738942e-01 9.93377454e-01 -2.67486102e-02 1.09502673e-01 3.99338324e-02 2.24067985e-02 9.98952884e-01 8.82132176e-03
9.92845562e-01 -1.13445297e-01 -3.74096624e-02 1.40422142e-01 1.12481622e-01 9.93288536e-01 -2.69372494e-02 1.10290201e-01 4.02144965e-02 2.25364935e-02 9.98938719e-01 8.90342866e-03
9.92750896e-01 -1.14191216e-01 -3.76529263e-02 1.41316760e-01 1.13214319e-01 9.93199871e-01 -2.71366016e-02 1.11072346e-01 4.04956466e-02 2.26768979e-02 9.98924194e-01 8.99581154e-03
9.92654397e-01 -1.14947818e-01 -3.78951049e-02 1.42194929e-01 1.13957533e-01 9.93109326e-01 -2.73386740e-02 1.11857956e-01 4.07765065e-02 2.28192832e-02 9.98909536e-01 9.09662981e-03
9.92557369e-01 -1.15702806e-01 -3.81391873e-02 1.43083861e-01 1.14699531e-01 9.93018678e-01 -2.75278163e-02 1.12657775e-01 4.10579744e-02 2.29482491e-02 9.98895064e-01 9.17359625e-03
9.92460604e-01 -1.16455012e-01 -3.83683985e-02 1.43977305e-01 1.15438888e-01 9.92927657e-01 -2.77199288e-02 1.13453583e-01 4.13251720e-02 2.30815892e-02 9.98880988e-01 9.25783074e-03
9.92362563e-01 -1.17207203e-01 -3.86140672e-02 1.44866180e-01 1.16178099e-01 9.92836281e-01 -2.79041221e-02 1.14255130e-01 4.16080142e-02 2.32047527e-02 9.98866405e-01 9.33938776e-03
9.92264314e-01 -1.17958066e-01 -3.88528086e-02 1.45744897e-01 1.16915938e-01 9.92744388e-01 -2.80913682e-02 1.15064372e-01 4.18845143e-02 2.33314032e-02 9.98851912e-01 9.41698793e-03
9.92165908e-01 -1.18710306e-01 -3.90752924e-02 1.46639279e-01 1.17655158e-01 9.92651533e-01 -2.82857315e-02 1.15863789e-01 4.21459598e-02 2.34665803e-02 9.98837764e-01 9.49863300e-03
9.92066729e-01 -1.19460461e-01 -3.93077162e-02 1.47521775e-01 1.18392489e-01 9.92558653e-01 -2.84681395e-02 1.16659261e-01 4.24160338e-02 2.35884053e-02 9.98823478e-01 9.58685329e-03
9.91967616e-01 -1.20205791e-01 -3.95373792e-02 1.48409969e-01 1.19124942e-01 9.92465743e-01 -2.86515486e-02 1.17460402e-01 4.26835793e-02 2.37113679e-02 9.98809185e-01 9.67216295e-03
9.91866994e-01 -1.20955169e-01 -3.97767171e-02 1.49282975e-01 1.19860478e-01 9.92371425e-01 -2.88503602e-02 1.18274297e-01 4.29628804e-02 2.38479094e-02 9.98793971e-01 9.76194996e-03
9.91766208e-01 -1.21701282e-01 -4.00143703e-02 1.50161115e-01 1.20592396e-01 9.92276745e-01 -2.90563042e-02 1.19070365e-01 4.32415214e-02 2.39914755e-02 9.98778518e-01 9.86383506e-03
9.91663214e-01 -1.22460276e-01 -4.02515170e-02 1.51045499e-01 1.21337824e-01 9.92180286e-01 -2.92462351e-02 1.19874094e-01 4.35182664e-02 2.41182257e-02 9.98763459e-01 9.95582173e-03
9.91559658e-01 -1.23220413e-01 -4.04830983e-02 1.51925827e-01 1.22084043e-01 9.92082843e-01 -2.94455482e-02 1.20678101e-01 4.37908826e-02 2.42545172e-02 9.98748255e-01 1.00444652e-02
9.91455223e-01 -1.23982288e-01 -4.07149787e-02 1.52801524e-01 1.22831867e-01 9.91984559e-01 -2.96458603e-02 1.21485636e-01 4.40641946e-02 2.43912838e-02 9.98732916e-01 1.01468301e-02
9.91351604e-01 -1.24732568e-01 -4.09468582e-02 1.53684819e-01 1.23567690e-01 9.91886948e-01 -2.98533262e-02 1.22300517e-01 4.43383392e-02 2.45352697e-02 9.98717267e-01 1.02432924e-02
9.91247259e-01 -1.25485062e-01 -4.11742444e-02 1.54559091e-01 1.24306218e-01 9.91788715e-01 -3.00503917e-02 1.23100825e-01 4.46070292e-02 2.46689873e-02 9.98702023e-01 1.03535370e-02
9.91142045e-01 -1.26238450e-01 -4.14044684e-02 1.55422657e-01 1.25045585e-01 9.91689840e-01 -3.02453803e-02 1.23903580e-01 4.48785235e-02 2.47998535e-02 9.98686632e-01 1.04541281e-02
9.91038630e-01 -1.26974886e-01 -4.16287578e-02 1.56280750e-01 1.25768072e-01 9.91592527e-01 -3.04401050e-02 1.24699644e-01 4.51438969e-02 2.49315806e-02 9.98671407e-01 1.05590297e-02
9.90935022e-01 -1.27707943e-01 -4.18535442e-02 1.57155383e-01 1.26486974e-01 9.91495023e-01 -3.06373274e-02 1.25496147e-01 4.54102137e-02 2.50654996e-02 9.98655996e-01 1.06562225e-02
9.90829205e-01 -1.28451592e-01 -4.20835761e-02 1.58036567e-01 1.27216469e-01 9.91395721e-01 -3.08300662e-02 1.26299908e-01 4.56816512e-02 2.51934309e-02 9.98640412e-01 1.07614394e-02
9.90721544e-01 -1.29205410e-01 -4.23109865e-02 1.58912716e-01 1.27955335e-01 9.91294076e-01 -3.10400471e-02 1.27116183e-01 4.59531753e-02 2.53379497e-02 9.98624309e-01 1.08655716e-02
9.90611670e-01 -1.29966137e-01 -4.25537441e-02 1.59793184e-01 1.28700409e-01 9.91190858e-01 -3.12549341e-02 1.27938288e-01 4.62409684e-02 2.54846388e-02 9.98607299e-01 1.09751912e-02
9.90501433e-01 -1.30722615e-01 -4.28027367e-02 1.60664341e-01 1.29440887e-01 9.91087564e-01 -3.14717956e-02 1.28757314e-01 4.65353387e-02 2.56322531e-02 9.98589851e-01 1.10922692e-02
9.90393049e-01 -1.31465660e-01 -4.30354485e-02 1.61543743e-01 1.30168210e-01 9.90985369e-01 -3.16894843e-02 1.29573058e-01 4.68135823e-02 2.57830142e-02 9.98572974e-01 1.12004809e-02
9.90283597e-01 -1.32211099e-01 -4.32709338e-02 1.62442463e-01 1.30897770e-01 9.90882289e-01 -3.19070620e-02 1.30392994e-01 4.70948733e-02 2.59327858e-02 9.98555877e-01 1.13065265e-02
9.90173823e-01 -1.32954095e-01 -4.35069476e-02 1.63324461e-01 1.31625452e-01 9.90779325e-01 -3.21104821e-02 1.31204038e-01 4.73750080e-02 2.60681493e-02 9.98539112e-01 1.14142739e-02
9.90062053e-01 -1.33703404e-01 -4.37544685e-02 1.64198090e-01 1.32359492e-01 9.90675214e-01 -3.23049217e-02 1.32019324e-01 4.76657490e-02 2.61923682e-02 9.98522034e-01 1.15141777e-02
9.89949962e-01 -1.34452859e-01 -4.39943848e-02 1.65074067e-01 1.33093832e-01 9.90570493e-01 -3.24986568e-02 1.32832243e-01 4.79490801e-02 2.63164710e-02 9.98505218e-01 1.16069215e-02
9.89837701e-01 -1.35199317e-01 -4.42330456e-02 1.65938077e-01 1.33824898e-01 9.90465467e-01 -3.26970954e-02 1.33645750e-01 4.82319323e-02 2.64451410e-02 9.98488207e-01 1.17097864e-02
9.89725322e-01 -1.35941701e-01 -4.44727397e-02 1.66802592e-01 1.34551860e-01 9.90360466e-01 -3.28938860e-02 1.34462093e-01 4.85156971e-02 2.65718260e-02 9.98471107e-01 1.18134095e-02
9.89612312e-01 -1.36686988e-01 -4.47036319e-02 1.67685390e-01 1.35281513e-01 9.90254260e-01 -3.30981825e-02 1.35283307e-01 4.87920558e-02 2.67065956e-02 9.98454057e-01 1.19114534e-02
9.89497550e-01 -1.37435978e-01 -4.49478018e-02 1.68549285e-01 1.36014913e-01 9.90147274e-01 -3.32927204e-02 1.36103516e-01 4.90805638e-02 2.68292937e-02 9.98436638e-01 1.20061992e-02
9.89382104e-01 -1.38185552e-01 -4.51911397e-02 1.69415529e-01 1.36749368e-01 9.90039914e-01 -3.34765104e-02 1.36914304e-01 4.93670045e-02 2.69409982e-02 9.98419521e-01 1.20982155e-02
9.89268061e-01 -1.38921331e-01 -4.54323772e-02 1.70283631e-01 1.37469537e-01 9.89933638e-01 -3.36696745e-02 1.37725324e-01 4.96524765e-02 2.70625613e-02 9.98402089e-01 1.22082669e-02
9.89153016e-01 -1.39660745e-01 -4.56707479e-02 1.71159532e-01 1.38193023e-01 9.89826103e-01 -3.38692395e-02 1.38545989e-01 4.99363036e-02 2.71902750e-02 9.98384474e-01 1.23140789e-02
9.89035815e-01 -1.40412687e-01 -4.59036497e-02 1.72024974e-01 1.38929062e-01 9.89716180e-01 -3.40698253e-02 1.39366243e-01 5.02154224e-02 2.73187176e-02 9.98366981e-01 1.24156573e-02
9.88918239e-01 -1.41160627e-01 -4.61431168e-02 1.72904075e-01 1.39660841e-01 9.89606266e-01 -3.42702749e-02 1.40184976e-01 5.05011326e-02 2.74459023e-02 9.98349091e-01 1.25134546e-02
9.88801919e-01 -1.41896369e-01 -4.63797508e-02 1.73772604e-01 1.40381100e-01 9.89497876e-01 -3.44571709e-02 1.40998556e-01 5.07820136e-02 2.75602630e-02 9.98331707e-01 1.26279308e-02
9.88685778e-01 -1.42632137e-01 -4.65994895e-02 1.74638173e-01 1.41100826e-01 9.89388334e-01 -3.46627196e-02 1.41805363e-01 5.10490104e-02 2.76950957e-02 9.98314373e-01 1.27461649e-02
9.88567032e-01 -1.43378729e-01 -4.68279753e-02 1.75522314e-01 1.41831122e-01 9.89276733e-01 -3.48670511e-02 1.42621268e-01 5.13250212e-02 2.78265347e-02 9.98296578e-01 1.28571131e-02
9.88445896e-01 -1.44139147e-01 -4.70508707e-02 1.76398305e-01 1.42574978e-01 9.89162331e-01 -3.50781801e-02 1.43435319e-01 5.15970892e-02 2.79643856e-02 9.98278714e-01 1.29518305e-02
9.88322343e-01 -1.44910987e-01 -4.72754852e-02 1.77275984e-01 1.43329982e-01 9.89045583e-01 -3.52922107e-02 1.44258410e-01 5.18718404e-02 2.81038628e-02 9.98260570e-01 1.30513225e-02
9.88199001e-01 -1.45674761e-01 -4.75066374e-02 1.78146002e-01 1.44076461e-01 9.88929321e-01 -3.55097415e-02 1.45084273e-01 5.21535813e-02 2.82458772e-02 9.98241891e-01 1.31482347e-02
9.88075590e-01 -1.46431394e-01 -4.77475083e-02 1.79011620e-01 1.44816112e-01 9.88813912e-01 -3.57142519e-02 1.45910104e-01 5.24430896e-02 2.83735442e-02 9.98223112e-01 1.32531713e-02
9.87952474e-01 -1.47184531e-01 -4.79796855e-02 1.79887939e-01 1.45552217e-01 9.88698273e-01 -3.59227449e-02 1.46735424e-01 5.27247060e-02 2.85061849e-02 9.98204509e-01 1.33532094e-02
9.87828840e-01 -1.47935344e-01 -4.82163987e-02 1.80768766e-01 1.46285804e-01 9.88582417e-01 -3.61308294e-02 1.47558350e-01 5.30109120e-02 2.86374682e-02 9.98185602e-01 1.34563082e-02
9.87704544e-01 -1.48687172e-01 -4.84503961e-02 1.81639013e-01 1.47020466e-01 9.88465845e-01 -3.63376733e-02 1.48384532e-01 5.32945089e-02 2.87674503e-02 9.98166774e-01 1.35625580e-02
9.87578075e-01 -1.49449018e-01 -4.86844967e-02 1.82511678e-01 1.47765454e-01 9.88347385e-01 -3.65373286e-02 1.49211919e-01 5.35776640e-02 2.88893406e-02 9.98148107e-01 1.36560779e-02
9.87451522e-01 -1.50208575e-01 -4.89140796e-02 1.83386273e-01 1.48508676e-01 9.88228904e-01 -3.67281995e-02 1.50049959e-01 5.38551986e-02 2.90029117e-02 9.98129893e-01 1.37551413e-02
9.87323270e-01 -1.50972775e-01 -4.91502980e-02 1.84251209e-01 1.49255692e-01 9.88108830e-01 -3.69298764e-02 1.50884383e-01 5.41412500e-02 2.91255226e-02 9.98110858e-01 1.38758170e-02
9.87196908e-01 -1.51722243e-01 -4.93809371e-02 1.85117839e-01 1.49987826e-01 9.87990254e-01 -3.71356128e-02 1.51703380e-01 5.44221835e-02 2.92533783e-02 9.98091852e-01 1.39753147e-02
9.87069777e-01 -1.52472702e-01 -4.96111147e-02 1.85990840e-01 1.50720978e-01 9.87870987e-01 -3.73396253e-02 1.52526816e-01 5.47026548e-02 2.93791330e-02 9.98072838e-01 1.40760153e-02
9.86939668e-01 -1.53236018e-01 -4.98478192e-02 1.86855322e-01 1.51466899e-01 9.87749273e-01 -3.75404543e-02 1.53351230e-01 5.49896971e-02 2.94996196e-02 9.98053522e-01 1.41748529e-02
9.86810555e-01 -1.53993156e-01 -5.00709634e-02 1.87708292e-01 1.52206277e-01 9.87627480e-01 -3.77536300e-02 1.54171837e-01 5.52652602e-02 2.96343138e-02 9.98034322e-01 1.42878663e-02
9.86681441e-01 -1.54745626e-01 -5.02958199e-02 1.88570924e-01 1.52941493e-01 9.87506167e-01 -3.79552086e-02 1.54998343e-01 5.55408350e-02 2.97571277e-02 9.98015384e-01 1.43905608e-02
9.86551137e-01 -1.55501491e-01 -5.05208731e-02 1.89436075e-01 1.53679550e-01 9.87383478e-01 -3.81652563e-02 1.55823778e-01 5.58182298e-02 2.98876949e-02 9.97996019e-01 1.44982282e-02
9.86420410e-01 -1.56259921e-01 -5.07325495e-02 1.90296810e-01 1.54420041e-01 9.87259483e-01 -3.83832162e-02 1.56644379e-01 5.60839494e-02 3.00276092e-02 9.97976875e-01 1.46080081e-02
9.86289762e-01 -1.57007693e-01 -5.09642136e-02 1.91166165e-01 1.55149294e-01 9.87136722e-01 -3.85992621e-02 1.57475466e-01 5.63690283e-02 3.01627365e-02 9.97956748e-01 1.47132443e-02
9.86160041e-01 -1.57747003e-01 -5.11919492e-02 1.92030432e-01 1.55870858e-01 9.87015099e-01 -3.88021150e-02 1.58306793e-01 5.66481445e-02 3.02855010e-02 9.97937238e-01 1.48146242e-02
9.86027796e-01 -1.58498268e-01 -5.14190950e-02 1.92908484e-01 1.56604198e-01 9.86890925e-01 -3.90072475e-02 1.59145664e-01 5.69276196e-02 3.04095203e-02 9.97917575e-01 1.49003211e-02
9.85895486e-01 -1.59246125e-01 -5.16457836e-02 1.93773958e-01 1.57334675e-01 9.86767034e-01 -3.92016378e-02 1.59980091e-01 5.72050655e-02 3.05227787e-02 9.97898266e-01 1.49964211e-02
9.85762494e-01 -1.59996650e-01 -5.18650841e-02 1.94649655e-01 1.58067664e-01 9.86641927e-01 -3.94014642e-02 1.60818911e-01 5.74763685e-02 3.06420237e-02 9.97879038e-01 1.50988292e-02
9.85628018e-01 -1.60750512e-01 -5.20899983e-02 1.95524844e-01 1.58804157e-01 9.86515938e-01 -3.95941705e-02 1.61648811e-01 5.77523962e-02 3.07527438e-02 9.97859710e-01 1.52040153e-02
9.85493355e-01 -1.61501739e-01 -5.23144355e-02 1.96395397e-01 1.59537748e-01 9.86389673e-01 -3.97904540e-02 1.62479998e-01 5.80286456e-02 3.08668265e-02 9.97840176e-01 1.52972464e-02
9.85358527e-01 -1.62252272e-01 -5.25321233e-02 1.97258302e-01 1.60270677e-01 9.86262843e-01 -3.99884942e-02 1.63308175e-01 5.82987043e-02 3.09833677e-02 9.97820839e-01 1.53961963e-02
9.85223356e-01 -1.63001080e-01 -5.27496423e-02 1.98116038e-01 1.61001905e-01 9.86135757e-01 -4.01849229e-02 1.64140391e-01 5.85684930e-02 3.10980519e-02 9.97801488e-01 1.55080808e-02
9.85085013e-01 -1.63760781e-01 -5.29804220e-02 1.98962024e-01 1.61743022e-01 9.86006076e-01 -4.03902980e-02 1.64981222e-01 5.88533633e-02 3.12183813e-02 9.97780981e-01 1.56157386e-02
